"Date";"District";"PCR_Pos";"PCR_Neg";"PCR_Total"
2021-01-18;"Neznáme";250;837;1087
2021-01-18;"Okres Bánovce nad Bebravou";4;36;40
2021-01-18;"Okres Banská Bystrica";20;130;150
2021-01-18;"Okres Banská Štiavnica";3;16;19
2021-01-18;"Okres Bardejov";13;82;95
2021-01-18;"Okres Bratislava I";26;140;166
2021-01-18;"Okres Bratislava II";83;352;435
2021-01-18;"Okres Bratislava III";41;200;241
2021-01-18;"Okres Bratislava IV";53;205;258
2021-01-18;"Okres Bratislava V";65;279;344
2021-01-18;"Okres Brezno";10;30;40
2021-01-18;"Okres Bytča";9;24;33
2021-01-18;"Okres Čadca";4;14;18
2021-01-18;"Okres Detva";7;61;68
2021-01-18;"Okres Dolný Kubín";9;60;69
2021-01-18;"Okres Dunajská Streda";67;63;130
2021-01-18;"Okres Galanta";29;74;103
2021-01-18;"Okres Gelnica";8;29;37
2021-01-18;"Okres Hlohovec";24;59;83
2021-01-18;"Okres Humenné";14;51;65
2021-01-18;"Okres Ilava";6;18;24
2021-01-18;"Okres Kežmarok";6;22;28
2021-01-18;"Okres Komárno";48;89;137
2021-01-18;"Okres Košice - okolie";81;209;290
2021-01-18;"Okres Košice I";18;47;65
2021-01-18;"Okres Košice II";22;64;86
2021-01-18;"Okres Košice III";7;20;27
2021-01-18;"Okres Košice IV";20;37;57
2021-01-18;"Okres Krupina";8;25;33
2021-01-18;"Okres Kysucké Nové Mesto";6;33;39
2021-01-18;"Okres Levice";67;74;141
2021-01-18;"Okres Levoča";8;33;41
2021-01-18;"Okres Liptovský Mikuláš";40;106;146
2021-01-18;"Okres Lučenec";5;50;55
2021-01-18;"Okres Malacky";28;212;240
2021-01-18;"Okres Martin";68;211;279
2021-01-18;"Okres Medzilaborce";2;6;8
2021-01-18;"Okres Michalovce";3;63;66
2021-01-18;"Okres Myjava";9;26;35
2021-01-18;"Okres Námestovo";16;61;77
2021-01-18;"Okres Nitra";39;130;169
2021-01-18;"Okres Nové Mesto nad Váhom";11;34;45
2021-01-18;"Okres Nové Zámky";97;161;258
2021-01-18;"Okres Partizánske";7;15;22
2021-01-18;"Okres Pezinok";25;86;111
2021-01-18;"Okres Piešťany";19;108;127
2021-01-18;"Okres Poltár";1;7;8
2021-01-18;"Okres Poprad";9;56;65
2021-01-18;"Okres Považská Bystrica";18;41;59
2021-01-18;"Okres Prešov";87;387;474
2021-01-18;"Okres Prievidza";3;53;56
2021-01-18;"Okres Púchov";7;17;24
2021-01-18;"Okres Revúca";4;17;21
2021-01-18;"Okres Rimavská Sobota";2;27;29
2021-01-18;"Okres Rožňava";1;52;53
2021-01-18;"Okres Ružomberok";11;66;77
2021-01-18;"Okres Sabinov";23;110;133
2021-01-18;"Okres Senec";39;206;245
2021-01-18;"Okres Senica";16;56;72
2021-01-18;"Okres Skalica";9;82;91
2021-01-18;"Okres Snina";6;39;45
2021-01-18;"Okres Sobrance";3;13;16
2021-01-18;"Okres Spišská Nová Ves";50;107;157
2021-01-18;"Okres Stará Ľubovňa";11;50;61
2021-01-18;"Okres Stropkov";1;19;20
2021-01-18;"Okres Svidník";4;52;56
2021-01-18;"Okres Šaľa";7;33;40
2021-01-18;"Okres Topoľčany";29;63;92
2021-01-18;"Okres Trebišov";50;156;206
2021-01-18;"Okres Trenčín";17;115;132
2021-01-18;"Okres Trnava";43;184;227
2021-01-18;"Okres Turčianske Teplice";7;14;21
2021-01-18;"Okres Tvrdošín";6;31;37
2021-01-18;"Okres Veľký Krtíš";4;15;19
2021-01-18;"Okres Vranov nad Topľou";38;129;167
2021-01-18;"Okres Zlaté Moravce";9;29;38
2021-01-18;"Okres Zvolen";23;186;209
2021-01-18;"Okres Žarnovica";4;26;30
2021-01-18;"Okres Žiar nad Hronom";19;34;53
2021-01-18;"Okres Žilina";64;184;248
2021-01-18;NA;100;349;449
2021-01-17;"Neznáme";135;513;648
2021-01-17;"Okres Bánovce nad Bebravou";10;53;63
2021-01-17;"Okres Banská Bystrica";67;142;209
2021-01-17;"Okres Banská Štiavnica";0;8;8
2021-01-17;"Okres Bardejov";5;30;35
2021-01-17;"Okres Bratislava I";17;127;144
2021-01-17;"Okres Bratislava II";46;224;270
2021-01-17;"Okres Bratislava III";33;124;157
2021-01-17;"Okres Bratislava IV";34;167;201
2021-01-17;"Okres Bratislava V";41;165;206
2021-01-17;"Okres Brezno";7;26;33
2021-01-17;"Okres Bytča";7;11;18
2021-01-17;"Okres Čadca";5;25;30
2021-01-17;"Okres Detva";4;19;23
2021-01-17;"Okres Dolný Kubín";1;5;6
2021-01-17;"Okres Dunajská Streda";26;63;89
2021-01-17;"Okres Galanta";8;54;62
2021-01-17;"Okres Gelnica";2;13;15
2021-01-17;"Okres Hlohovec";28;47;75
2021-01-17;"Okres Humenné";6;38;44
2021-01-17;"Okres Ilava";30;100;130
2021-01-17;"Okres Kežmarok";1;26;27
2021-01-17;"Okres Komárno";6;34;40
2021-01-17;"Okres Košice - okolie";40;127;167
2021-01-17;"Okres Košice I";5;8;13
2021-01-17;"Okres Košice II";10;26;36
2021-01-17;"Okres Košice III";2;3;5
2021-01-17;"Okres Košice IV";3;7;10
2021-01-17;"Okres Krupina";0;10;10
2021-01-17;"Okres Kysucké Nové Mesto";3;17;20
2021-01-17;"Okres Levice";16;59;75
2021-01-17;"Okres Levoča";2;22;24
2021-01-17;"Okres Liptovský Mikuláš";2;17;19
2021-01-17;"Okres Lučenec";7;58;65
2021-01-17;"Okres Malacky";15;76;91
2021-01-17;"Okres Martin";7;36;43
2021-01-17;"Okres Medzilaborce";2;12;14
2021-01-17;"Okres Michalovce";18;98;116
2021-01-17;"Okres Myjava";0;6;6
2021-01-17;"Okres Námestovo";5;17;22
2021-01-17;"Okres Nitra";13;55;68
2021-01-17;"Okres Nové Mesto nad Váhom";1;25;26
2021-01-17;"Okres Nové Zámky";3;26;29
2021-01-17;"Okres Partizánske";7;19;26
2021-01-17;"Okres Pezinok";21;97;118
2021-01-17;"Okres Piešťany";3;34;37
2021-01-17;"Okres Poltár";1;12;13
2021-01-17;"Okres Poprad";14;80;94
2021-01-17;"Okres Považská Bystrica";9;48;57
2021-01-17;"Okres Prešov";32;198;230
2021-01-17;"Okres Prievidza";14;83;97
2021-01-17;"Okres Púchov";10;61;71
2021-01-17;"Okres Revúca";16;40;56
2021-01-17;"Okres Rimavská Sobota";1;33;34
2021-01-17;"Okres Rožňava";1;12;13
2021-01-17;"Okres Ružomberok";14;63;77
2021-01-17;"Okres Sabinov";10;82;92
2021-01-17;"Okres Senec";30;168;198
2021-01-17;"Okres Senica";1;13;14
2021-01-17;"Okres Skalica";0;4;4
2021-01-17;"Okres Snina";4;21;25
2021-01-17;"Okres Sobrance";5;41;46
2021-01-17;"Okres Spišská Nová Ves";9;81;90
2021-01-17;"Okres Stará Ľubovňa";26;154;180
2021-01-17;"Okres Stropkov";4;32;36
2021-01-17;"Okres Svidník";4;26;30
2021-01-17;"Okres Šaľa";1;20;21
2021-01-17;"Okres Topoľčany";5;12;17
2021-01-17;"Okres Trebišov";11;26;37
2021-01-17;"Okres Trenčín";46;218;264
2021-01-17;"Okres Trnava";67;208;275
2021-01-17;"Okres Turčianske Teplice";0;7;7
2021-01-17;"Okres Tvrdošín";4;8;12
2021-01-17;"Okres Veľký Krtíš";1;15;16
2021-01-17;"Okres Vranov nad Topľou";4;19;23
2021-01-17;"Okres Zlaté Moravce";3;17;20
2021-01-17;"Okres Zvolen";11;55;66
2021-01-17;"Okres Žarnovica";2;20;22
2021-01-17;"Okres Žiar nad Hronom";6;35;41
2021-01-17;"Okres Žilina";41;95;136
2021-01-17;NA;52;213;265
2021-01-16;"Neznáme";24;95;119
2021-01-16;"Okres Bánovce nad Bebravou";0;2;2
2021-01-16;"Okres Banská Bystrica";22;71;93
2021-01-16;"Okres Banská Štiavnica";0;2;2
2021-01-16;"Okres Bardejov";16;111;127
2021-01-16;"Okres Bratislava I";0;7;7
2021-01-16;"Okres Bratislava II";7;36;43
2021-01-16;"Okres Bratislava III";14;17;31
2021-01-16;"Okres Bratislava IV";3;9;12
2021-01-16;"Okres Bratislava V";7;22;29
2021-01-16;"Okres Brezno";0;6;6
2021-01-16;"Okres Bytča";0;2;2
2021-01-16;"Okres Čadca";13;51;64
2021-01-16;"Okres Detva";3;6;9
2021-01-16;"Okres Dolný Kubín";0;1;1
2021-01-16;"Okres Dunajská Streda";62;160;222
2021-01-16;"Okres Galanta";40;127;167
2021-01-16;"Okres Gelnica";0;4;4
2021-01-16;"Okres Hlohovec";2;1;3
2021-01-16;"Okres Humenné";14;53;67
2021-01-16;"Okres Ilava";1;8;9
2021-01-16;"Okres Kežmarok";0;8;8
2021-01-16;"Okres Komárno";0;2;2
2021-01-16;"Okres Košice - okolie";17;99;116
2021-01-16;"Okres Košice I";14;21;35
2021-01-16;"Okres Košice II";8;45;53
2021-01-16;"Okres Košice III";8;5;13
2021-01-16;"Okres Košice IV";7;22;29
2021-01-16;"Okres Krupina";0;4;4
2021-01-16;"Okres Kysucké Nové Mesto";1;3;4
2021-01-16;"Okres Levice";2;3;5
2021-01-16;"Okres Levoča";2;7;9
2021-01-16;"Okres Liptovský Mikuláš";0;1;1
2021-01-16;"Okres Lučenec";0;1;1
2021-01-16;"Okres Malacky";8;17;25
2021-01-16;"Okres Medzilaborce";2;8;10
2021-01-16;"Okres Michalovce";24;104;128
2021-01-16;"Okres Myjava";0;1;1
2021-01-16;"Okres Námestovo";0;2;2
2021-01-16;"Okres Nitra";1;13;14
2021-01-16;"Okres Nové Mesto nad Váhom";20;60;80
2021-01-16;"Okres Nové Zámky";45;44;89
2021-01-16;"Okres Partizánske";8;26;34
2021-01-16;"Okres Pezinok";3;24;27
2021-01-16;"Okres Piešťany";2;4;6
2021-01-16;"Okres Poltár";1;4;5
2021-01-16;"Okres Poprad";15;113;128
2021-01-16;"Okres Považská Bystrica";0;1;1
2021-01-16;"Okres Prešov";1;42;43
2021-01-16;"Okres Prievidza";8;15;23
2021-01-16;"Okres Púchov";0;2;2
2021-01-16;"Okres Revúca";2;10;12
2021-01-16;"Okres Rimavská Sobota";42;61;103
2021-01-16;"Okres Rožňava";17;38;55
2021-01-16;"Okres Ružomberok";0;4;4
2021-01-16;"Okres Sabinov";0;29;29
2021-01-16;"Okres Senec";16;31;47
2021-01-16;"Okres Senica";0;4;4
2021-01-16;"Okres Skalica";1;0;1
2021-01-16;"Okres Snina";1;15;16
2021-01-16;"Okres Sobrance";5;21;26
2021-01-16;"Okres Spišská Nová Ves";18;37;55
2021-01-16;"Okres Stará Ľubovňa";0;10;10
2021-01-16;"Okres Stropkov";1;9;10
2021-01-16;"Okres Svidník";3;37;40
2021-01-16;"Okres Šaľa";22;47;69
2021-01-16;"Okres Topoľčany";9;20;29
2021-01-16;"Okres Trebišov";11;40;51
2021-01-16;"Okres Trenčín";2;33;35
2021-01-16;"Okres Trnava";0;5;5
2021-01-16;"Okres Tvrdošín";1;1;2
2021-01-16;"Okres Veľký Krtíš";1;3;4
2021-01-16;"Okres Vranov nad Topľou";25;79;104
2021-01-16;"Okres Zlaté Moravce";2;1;3
2021-01-16;"Okres Zvolen";2;13;15
2021-01-16;"Okres Žarnovica";0;3;3
2021-01-16;"Okres Žiar nad Hronom";0;2;2
2021-01-16;"Okres Žilina";0;1;1
2021-01-16;NA;32;166;198
2021-01-15;"Neznáme";270;1030;1300
2021-01-15;"Okres Bánovce nad Bebravou";9;42;51
2021-01-15;"Okres Banská Bystrica";58;274;332
2021-01-15;"Okres Banská Štiavnica";6;19;25
2021-01-15;"Okres Bardejov";9;67;76
2021-01-15;"Okres Bratislava I";20;169;189
2021-01-15;"Okres Bratislava II";49;265;314
2021-01-15;"Okres Bratislava III";26;205;231
2021-01-15;"Okres Bratislava IV";31;241;272
2021-01-15;"Okres Bratislava V";36;283;319
2021-01-15;"Okres Brezno";9;57;66
2021-01-15;"Okres Bytča";9;34;43
2021-01-15;"Okres Čadca";22;86;108
2021-01-15;"Okres Detva";10;38;48
2021-01-15;"Okres Dolný Kubín";2;32;34
2021-01-15;"Okres Dunajská Streda";58;170;228
2021-01-15;"Okres Galanta";51;151;202
2021-01-15;"Okres Gelnica";12;42;54
2021-01-15;"Okres Hlohovec";19;57;76
2021-01-15;"Okres Humenné";5;30;35
2021-01-15;"Okres Ilava";53;128;181
2021-01-15;"Okres Kežmarok";8;71;79
2021-01-15;"Okres Komárno";30;69;99
2021-01-15;"Okres Košice - okolie";77;193;270
2021-01-15;"Okres Košice I";12;30;42
2021-01-15;"Okres Košice II";20;38;58
2021-01-15;"Okres Košice III";4;16;20
2021-01-15;"Okres Košice IV";8;16;24
2021-01-15;"Okres Krupina";4;30;34
2021-01-15;"Okres Kysucké Nové Mesto";3;25;28
2021-01-15;"Okres Levice";56;256;312
2021-01-15;"Okres Levoča";5;30;35
2021-01-15;"Okres Liptovský Mikuláš";57;120;177
2021-01-15;"Okres Lučenec";1;24;25
2021-01-15;"Okres Malacky";27;119;146
2021-01-15;"Okres Martin";37;120;157
2021-01-15;"Okres Medzilaborce";0;5;5
2021-01-15;"Okres Michalovce";18;93;111
2021-01-15;"Okres Myjava";5;53;58
2021-01-15;"Okres Námestovo";7;118;125
2021-01-15;"Okres Nitra";41;173;214
2021-01-15;"Okres Nové Mesto nad Váhom";18;76;94
2021-01-15;"Okres Nové Zámky";71;138;209
2021-01-15;"Okres Partizánske";25;39;64
2021-01-15;"Okres Pezinok";29;110;139
2021-01-15;"Okres Piešťany";30;81;111
2021-01-15;"Okres Poltár";1;6;7
2021-01-15;"Okres Poprad";35;135;170
2021-01-15;"Okres Považská Bystrica";32;110;142
2021-01-15;"Okres Prešov";60;353;413
2021-01-15;"Okres Prievidza";49;129;178
2021-01-15;"Okres Púchov";26;70;96
2021-01-15;"Okres Revúca";8;38;46
2021-01-15;"Okres Rimavská Sobota";35;90;125
2021-01-15;"Okres Rožňava";11;31;42
2021-01-15;"Okres Ružomberok";29;103;132
2021-01-15;"Okres Sabinov";20;111;131
2021-01-15;"Okres Senec";24;177;201
2021-01-15;"Okres Senica";27;62;89
2021-01-15;"Okres Skalica";5;37;42
2021-01-15;"Okres Snina";2;29;31
2021-01-15;"Okres Sobrance";5;28;33
2021-01-15;"Okres Spišská Nová Ves";41;182;223
2021-01-15;"Okres Stará Ľubovňa";14;105;119
2021-01-15;"Okres Stropkov";0;6;6
2021-01-15;"Okres Svidník";0;20;20
2021-01-15;"Okres Šaľa";26;60;86
2021-01-15;"Okres Topoľčany";40;81;121
2021-01-15;"Okres Trebišov";44;133;177
2021-01-15;"Okres Trenčín";52;211;263
2021-01-15;"Okres Trnava";68;272;340
2021-01-15;"Okres Turčianske Teplice";13;24;37
2021-01-15;"Okres Tvrdošín";7;69;76
2021-01-15;"Okres Veľký Krtíš";1;20;21
2021-01-15;"Okres Vranov nad Topľou";15;76;91
2021-01-15;"Okres Zlaté Moravce";17;44;61
2021-01-15;"Okres Zvolen";13;144;157
2021-01-15;"Okres Žarnovica";10;36;46
2021-01-15;"Okres Žiar nad Hronom";30;100;130
2021-01-15;"Okres Žilina";46;239;285
2021-01-15;NA;71;364;435
2021-01-14;"Neznáme";319;871;1190
2021-01-14;"Okres Bánovce nad Bebravou";8;26;34
2021-01-14;"Okres Banská Bystrica";61;256;317
2021-01-14;"Okres Banská Štiavnica";2;12;14
2021-01-14;"Okres Bardejov";22;132;154
2021-01-14;"Okres Bratislava I";35;175;210
2021-01-14;"Okres Bratislava II";62;259;321
2021-01-14;"Okres Bratislava III";55;256;311
2021-01-14;"Okres Bratislava IV";45;233;278
2021-01-14;"Okres Bratislava V";55;222;277
2021-01-14;"Okres Brezno";12;22;34
2021-01-14;"Okres Bytča";6;19;25
2021-01-14;"Okres Čadca";28;72;100
2021-01-14;"Okres Detva";12;54;66
2021-01-14;"Okres Dolný Kubín";3;29;32
2021-01-14;"Okres Dunajská Streda";87;215;302
2021-01-14;"Okres Galanta";59;168;227
2021-01-14;"Okres Gelnica";10;21;31
2021-01-14;"Okres Hlohovec";44;56;100
2021-01-14;"Okres Humenné";38;87;125
2021-01-14;"Okres Ilava";40;66;106
2021-01-14;"Okres Kežmarok";8;50;58
2021-01-14;"Okres Komárno";38;109;147
2021-01-14;"Okres Košice - okolie";72;246;318
2021-01-14;"Okres Košice I";13;47;60
2021-01-14;"Okres Košice II";16;75;91
2021-01-14;"Okres Košice III";22;29;51
2021-01-14;"Okres Košice IV";12;40;52
2021-01-14;"Okres Krupina";6;26;32
2021-01-14;"Okres Kysucké Nové Mesto";6;22;28
2021-01-14;"Okres Levice";47;122;169
2021-01-14;"Okres Levoča";7;51;58
2021-01-14;"Okres Liptovský Mikuláš";3;33;36
2021-01-14;"Okres Lučenec";62;171;233
2021-01-14;"Okres Malacky";25;84;109
2021-01-14;"Okres Martin";26;85;111
2021-01-14;"Okres Medzilaborce";5;11;16
2021-01-14;"Okres Michalovce";32;112;144
2021-01-14;"Okres Myjava";7;33;40
2021-01-14;"Okres Námestovo";2;19;21
2021-01-14;"Okres Nitra";62;141;203
2021-01-14;"Okres Nové Mesto nad Váhom";56;143;199
2021-01-14;"Okres Nové Zámky";101;143;244
2021-01-14;"Okres Partizánske";15;36;51
2021-01-14;"Okres Pezinok";23;113;136
2021-01-14;"Okres Piešťany";83;109;192
2021-01-14;"Okres Poltár";8;19;27
2021-01-14;"Okres Poprad";25;89;114
2021-01-14;"Okres Považská Bystrica";33;61;94
2021-01-14;"Okres Prešov";82;400;482
2021-01-14;"Okres Prievidza";51;192;243
2021-01-14;"Okres Púchov";12;43;55
2021-01-14;"Okres Revúca";12;48;60
2021-01-14;"Okres Rimavská Sobota";25;82;107
2021-01-14;"Okres Rožňava";8;58;66
2021-01-14;"Okres Ružomberok";12;62;74
2021-01-14;"Okres Sabinov";9;95;104
2021-01-14;"Okres Senec";37;161;198
2021-01-14;"Okres Senica";14;25;39
2021-01-14;"Okres Skalica";3;24;27
2021-01-14;"Okres Snina";4;48;52
2021-01-14;"Okres Sobrance";2;30;32
2021-01-14;"Okres Spišská Nová Ves";8;50;58
2021-01-14;"Okres Stará Ľubovňa";35;162;197
2021-01-14;"Okres Stropkov";4;20;24
2021-01-14;"Okres Svidník";10;71;81
2021-01-14;"Okres Šaľa";28;57;85
2021-01-14;"Okres Topoľčany";32;58;90
2021-01-14;"Okres Trebišov";75;172;247
2021-01-14;"Okres Trenčín";46;123;169
2021-01-14;"Okres Trnava";113;315;428
2021-01-14;"Okres Turčianske Teplice";2;8;10
2021-01-14;"Okres Tvrdošín";1;12;13
2021-01-14;"Okres Veľký Krtíš";7;28;35
2021-01-14;"Okres Vranov nad Topľou";27;143;170
2021-01-14;"Okres Zlaté Moravce";222;141;363
2021-01-14;"Okres Zvolen";21;139;160
2021-01-14;"Okres Žarnovica";9;47;56
2021-01-14;"Okres Žiar nad Hronom";12;62;74
2021-01-14;"Okres Žilina";57;155;212
2021-01-14;NA;100;476;576
2021-01-13;"Neznáme";388;980;1368
2021-01-13;"Okres Bánovce nad Bebravou";10;26;36
2021-01-13;"Okres Banská Bystrica";71;277;348
2021-01-13;"Okres Banská Štiavnica";0;13;13
2021-01-13;"Okres Bardejov";35;109;144
2021-01-13;"Okres Bratislava I";24;152;176
2021-01-13;"Okres Bratislava II";56;276;332
2021-01-13;"Okres Bratislava III";33;217;250
2021-01-13;"Okres Bratislava IV";59;271;330
2021-01-13;"Okres Bratislava V";56;234;290
2021-01-13;"Okres Brezno";9;79;88
2021-01-13;"Okres Bytča";11;19;30
2021-01-13;"Okres Čadca";20;73;93
2021-01-13;"Okres Detva";7;42;49
2021-01-13;"Okres Dolný Kubín";25;70;95
2021-01-13;"Okres Dunajská Streda";135;271;406
2021-01-13;"Okres Galanta";121;235;356
2021-01-13;"Okres Gelnica";8;49;57
2021-01-13;"Okres Hlohovec";30;111;141
2021-01-13;"Okres Humenné";7;35;42
2021-01-13;"Okres Ilava";33;77;110
2021-01-13;"Okres Kežmarok";43;185;228
2021-01-13;"Okres Komárno";75;174;249
2021-01-13;"Okres Košice - okolie";98;332;430
2021-01-13;"Okres Košice I";15;32;47
2021-01-13;"Okres Košice II";16;46;62
2021-01-13;"Okres Košice III";9;13;22
2021-01-13;"Okres Košice IV";9;20;29
2021-01-13;"Okres Krupina";6;48;54
2021-01-13;"Okres Kysucké Nové Mesto";9;18;27
2021-01-13;"Okres Levice";40;118;158
2021-01-13;"Okres Levoča";12;52;64
2021-01-13;"Okres Liptovský Mikuláš";20;61;81
2021-01-13;"Okres Lučenec";5;33;38
2021-01-13;"Okres Malacky";38;135;173
2021-01-13;"Okres Martin";56;184;240
2021-01-13;"Okres Medzilaborce";2;12;14
2021-01-13;"Okres Michalovce";24;99;123
2021-01-13;"Okres Myjava";11;20;31
2021-01-13;"Okres Námestovo";3;60;63
2021-01-13;"Okres Nitra";114;150;264
2021-01-13;"Okres Nové Mesto nad Váhom";4;44;48
2021-01-13;"Okres Nové Zámky";90;178;268
2021-01-13;"Okres Partizánske";11;21;32
2021-01-13;"Okres Pezinok";16;108;124
2021-01-13;"Okres Piešťany";17;92;109
2021-01-13;"Okres Poltár";7;16;23
2021-01-13;"Okres Poprad";55;137;192
2021-01-13;"Okres Považská Bystrica";57;65;122
2021-01-13;"Okres Prešov";86;335;421
2021-01-13;"Okres Prievidza";37;89;126
2021-01-13;"Okres Púchov";7;26;33
2021-01-13;"Okres Revúca";15;59;74
2021-01-13;"Okres Rimavská Sobota";39;94;133
2021-01-13;"Okres Rožňava";13;64;77
2021-01-13;"Okres Ružomberok";13;79;92
2021-01-13;"Okres Sabinov";22;85;107
2021-01-13;"Okres Senec";43;158;201
2021-01-13;"Okres Senica";12;46;58
2021-01-13;"Okres Skalica";4;22;26
2021-01-13;"Okres Snina";10;33;43
2021-01-13;"Okres Sobrance";5;15;20
2021-01-13;"Okres Spišská Nová Ves";58;148;206
2021-01-13;"Okres Stará Ľubovňa";7;38;45
2021-01-13;"Okres Stropkov";3;32;35
2021-01-13;"Okres Svidník";8;67;75
2021-01-13;"Okres Šaľa";69;100;169
2021-01-13;"Okres Topoľčany";89;113;202
2021-01-13;"Okres Trebišov";52;113;165
2021-01-13;"Okres Trenčín";46;148;194
2021-01-13;"Okres Trnava";90;300;390
2021-01-13;"Okres Turčianske Teplice";2;10;12
2021-01-13;"Okres Tvrdošín";2;33;35
2021-01-13;"Okres Veľký Krtíš";16;64;80
2021-01-13;"Okres Vranov nad Topľou";66;116;182
2021-01-13;"Okres Zlaté Moravce";38;34;72
2021-01-13;"Okres Zvolen";26;116;142
2021-01-13;"Okres Žarnovica";18;39;57
2021-01-13;"Okres Žiar nad Hronom";26;60;86
2021-01-13;"Okres Žilina";79;174;253
2021-01-13;NA;113;349;462
2021-01-12;"Neznáme";385;1225;1610
2021-01-12;"Okres Bánovce nad Bebravou";32;92;124
2021-01-12;"Okres Banská Bystrica";41;190;231
2021-01-12;"Okres Banská Štiavnica";2;11;13
2021-01-12;"Okres Bardejov";60;195;255
2021-01-12;"Okres Bratislava I";36;226;262
2021-01-12;"Okres Bratislava II";85;358;443
2021-01-12;"Okres Bratislava III";51;232;283
2021-01-12;"Okres Bratislava IV";90;456;546
2021-01-12;"Okres Bratislava V";68;346;414
2021-01-12;"Okres Brezno";8;52;60
2021-01-12;"Okres Bytča";13;51;64
2021-01-12;"Okres Čadca";57;117;174
2021-01-12;"Okres Detva";15;52;67
2021-01-12;"Okres Dolný Kubín";17;39;56
2021-01-12;"Okres Dunajská Streda";105;261;366
2021-01-12;"Okres Galanta";77;166;243
2021-01-12;"Okres Gelnica";10;45;55
2021-01-12;"Okres Hlohovec";24;68;92
2021-01-12;"Okres Humenné";11;43;54
2021-01-12;"Okres Ilava";54;131;185
2021-01-12;"Okres Kežmarok";38;135;173
2021-01-12;"Okres Komárno";47;143;190
2021-01-12;"Okres Košice - okolie";101;206;307
2021-01-12;"Okres Košice I";6;23;29
2021-01-12;"Okres Košice II";10;28;38
2021-01-12;"Okres Košice III";7;14;21
2021-01-12;"Okres Košice IV";5;12;17
2021-01-12;"Okres Krupina";7;24;31
2021-01-12;"Okres Kysucké Nové Mesto";19;45;64
2021-01-12;"Okres Levice";96;167;263
2021-01-12;"Okres Levoča";21;53;74
2021-01-12;"Okres Liptovský Mikuláš";59;85;144
2021-01-12;"Okres Lučenec";47;93;140
2021-01-12;"Okres Malacky";32;151;183
2021-01-12;"Okres Martin";67;137;204
2021-01-12;"Okres Medzilaborce";6;8;14
2021-01-12;"Okres Michalovce";27;148;175
2021-01-12;"Okres Myjava";6;44;50
2021-01-12;"Okres Námestovo";9;78;87
2021-01-12;"Okres Nitra";112;175;287
2021-01-12;"Okres Nové Mesto nad Váhom";52;162;214
2021-01-12;"Okres Nové Zámky";59;181;240
2021-01-12;"Okres Partizánske";38;78;116
2021-01-12;"Okres Pezinok";39;139;178
2021-01-12;"Okres Piešťany";75;139;214
2021-01-12;"Okres Poltár";17;24;41
2021-01-12;"Okres Poprad";63;228;291
2021-01-12;"Okres Považská Bystrica";120;151;271
2021-01-12;"Okres Prešov";120;515;635
2021-01-12;"Okres Prievidza";107;188;295
2021-01-12;"Okres Púchov";23;92;115
2021-01-12;"Okres Revúca";12;69;81
2021-01-12;"Okres Rimavská Sobota";21;95;116
2021-01-12;"Okres Rožňava";21;79;100
2021-01-12;"Okres Ružomberok";15;70;85
2021-01-12;"Okres Sabinov";27;120;147
2021-01-12;"Okres Senec";37;233;270
2021-01-12;"Okres Senica";13;47;60
2021-01-12;"Okres Skalica";7;27;34
2021-01-12;"Okres Snina";19;37;56
2021-01-12;"Okres Sobrance";3;20;23
2021-01-12;"Okres Spišská Nová Ves";86;165;251
2021-01-12;"Okres Stará Ľubovňa";49;159;208
2021-01-12;"Okres Stropkov";4;19;23
2021-01-12;"Okres Svidník";12;38;50
2021-01-12;"Okres Šaľa";45;74;119
2021-01-12;"Okres Topoľčany";90;149;239
2021-01-12;"Okres Trebišov";98;220;318
2021-01-12;"Okres Trenčín";82;285;367
2021-01-12;"Okres Trnava";102;340;442
2021-01-12;"Okres Turčianske Teplice";6;14;20
2021-01-12;"Okres Tvrdošín";11;42;53
2021-01-12;"Okres Veľký Krtíš";4;42;46
2021-01-12;"Okres Vranov nad Topľou";51;249;300
2021-01-12;"Okres Zlaté Moravce";46;100;146
2021-01-12;"Okres Zvolen";27;195;222
2021-01-12;"Okres Žarnovica";4;21;25
2021-01-12;"Okres Žiar nad Hronom";17;68;85
2021-01-12;"Okres Žilina";89;312;401
2021-01-12;NA;120;335;455
2021-01-11;"Neznáme";296;1046;1342
2021-01-11;"Okres Bánovce nad Bebravou";3;44;47
2021-01-11;"Okres Banská Bystrica";18;126;144
2021-01-11;"Okres Banská Štiavnica";2;16;18
2021-01-11;"Okres Bardejov";15;96;111
2021-01-11;"Okres Bratislava I";22;253;275
2021-01-11;"Okres Bratislava II";74;402;476
2021-01-11;"Okres Bratislava III";41;282;323
2021-01-11;"Okres Bratislava IV";65;338;403
2021-01-11;"Okres Bratislava V";62;310;372
2021-01-11;"Okres Brezno";13;23;36
2021-01-11;"Okres Bytča";22;45;67
2021-01-11;"Okres Čadca";10;48;58
2021-01-11;"Okres Detva";7;69;76
2021-01-11;"Okres Dolný Kubín";12;37;49
2021-01-11;"Okres Dunajská Streda";63;109;172
2021-01-11;"Okres Galanta";38;82;120
2021-01-11;"Okres Gelnica";5;30;35
2021-01-11;"Okres Hlohovec";48;112;160
2021-01-11;"Okres Humenné";25;57;82
2021-01-11;"Okres Ilava";6;14;20
2021-01-11;"Okres Kežmarok";8;31;39
2021-01-11;"Okres Komárno";44;106;150
2021-01-11;"Okres Košice - okolie";103;228;331
2021-01-11;"Okres Košice I";11;43;54
2021-01-11;"Okres Košice II";21;54;75
2021-01-11;"Okres Košice III";9;23;32
2021-01-11;"Okres Košice IV";5;36;41
2021-01-11;"Okres Krupina";2;35;37
2021-01-11;"Okres Kysucké Nové Mesto";22;44;66
2021-01-11;"Okres Levice";27;101;128
2021-01-11;"Okres Levoča";1;13;14
2021-01-11;"Okres Liptovský Mikuláš";50;76;126
2021-01-11;"Okres Lučenec";5;47;52
2021-01-11;"Okres Malacky";42;175;217
2021-01-11;"Okres Martin";64;238;302
2021-01-11;"Okres Medzilaborce";7;13;20
2021-01-11;"Okres Michalovce";33;78;111
2021-01-11;"Okres Myjava";22;51;73
2021-01-11;"Okres Námestovo";4;64;68
2021-01-11;"Okres Nitra";59;155;214
2021-01-11;"Okres Nové Mesto nad Váhom";13;79;92
2021-01-11;"Okres Nové Zámky";127;194;321
2021-01-11;"Okres Partizánske";1;11;12
2021-01-11;"Okres Pezinok";47;136;183
2021-01-11;"Okres Piešťany";25;157;182
2021-01-11;"Okres Poltár";2;7;9
2021-01-11;"Okres Poprad";20;73;93
2021-01-11;"Okres Považská Bystrica";30;43;73
2021-01-11;"Okres Prešov";159;441;600
2021-01-11;"Okres Prievidza";14;85;99
2021-01-11;"Okres Púchov";8;20;28
2021-01-11;"Okres Revúca";2;9;11
2021-01-11;"Okres Rimavská Sobota";2;14;16
2021-01-11;"Okres Rožňava";2;13;15
2021-01-11;"Okres Ružomberok";29;79;108
2021-01-11;"Okres Sabinov";41;132;173
2021-01-11;"Okres Senec";45;277;322
2021-01-11;"Okres Senica";20;63;83
2021-01-11;"Okres Skalica";9;57;66
2021-01-11;"Okres Snina";8;52;60
2021-01-11;"Okres Sobrance";3;11;14
2021-01-11;"Okres Spišská Nová Ves";8;43;51
2021-01-11;"Okres Stará Ľubovňa";41;98;139
2021-01-11;"Okres Stropkov";9;37;46
2021-01-11;"Okres Svidník";21;95;116
2021-01-11;"Okres Šaľa";26;52;78
2021-01-11;"Okres Topoľčany";21;27;48
2021-01-11;"Okres Trebišov";26;75;101
2021-01-11;"Okres Trenčín";45;159;204
2021-01-11;"Okres Trnava";131;568;699
2021-01-11;"Okres Turčianske Teplice";15;40;55
2021-01-11;"Okres Tvrdošín";9;54;63
2021-01-11;"Okres Veľký Krtíš";1;19;20
2021-01-11;"Okres Vranov nad Topľou";11;44;55
2021-01-11;"Okres Zlaté Moravce";10;16;26
2021-01-11;"Okres Zvolen";17;250;267
2021-01-11;"Okres Žarnovica";5;18;23
2021-01-11;"Okres Žiar nad Hronom";16;60;76
2021-01-11;"Okres Žilina";129;378;507
2021-01-11;NA;98;351;449
2021-01-10;"Neznáme";34;456;490
2021-01-10;"Okres Bánovce nad Bebravou";2;19;21
2021-01-10;"Okres Banská Bystrica";71;144;215
2021-01-10;"Okres Banská Štiavnica";0;4;4
2021-01-10;"Okres Bardejov";2;10;12
2021-01-10;"Okres Bratislava I";19;94;113
2021-01-10;"Okres Bratislava II";38;170;208
2021-01-10;"Okres Bratislava III";32;99;131
2021-01-10;"Okres Bratislava IV";43;144;187
2021-01-10;"Okres Bratislava V";52;146;198
2021-01-10;"Okres Brezno";5;22;27
2021-01-10;"Okres Bytča";0;5;5
2021-01-10;"Okres Čadca";1;10;11
2021-01-10;"Okres Detva";6;17;23
2021-01-10;"Okres Dolný Kubín";0;6;6
2021-01-10;"Okres Dunajská Streda";8;32;40
2021-01-10;"Okres Galanta";11;35;46
2021-01-10;"Okres Gelnica";1;6;7
2021-01-10;"Okres Hlohovec";16;30;46
2021-01-10;"Okres Humenné";22;49;71
2021-01-10;"Okres Ilava";11;41;52
2021-01-10;"Okres Kežmarok";1;8;9
2021-01-10;"Okres Komárno";2;6;8
2021-01-10;"Okres Košice - okolie";65;116;181
2021-01-10;"Okres Košice I";7;31;38
2021-01-10;"Okres Košice II";14;39;53
2021-01-10;"Okres Košice III";5;11;16
2021-01-10;"Okres Košice IV";8;19;27
2021-01-10;"Okres Krupina";2;7;9
2021-01-10;"Okres Kysucké Nové Mesto";0;4;4
2021-01-10;"Okres Levice";11;31;42
2021-01-10;"Okres Levoča";0;6;6
2021-01-10;"Okres Liptovský Mikuláš";1;4;5
2021-01-10;"Okres Lučenec";10;33;43
2021-01-10;"Okres Malacky";20;76;96
2021-01-10;"Okres Martin";22;38;60
2021-01-10;"Okres Medzilaborce";3;7;10
2021-01-10;"Okres Michalovce";26;70;96
2021-01-10;"Okres Myjava";0;1;1
2021-01-10;"Okres Námestovo";3;14;17
2021-01-10;"Okres Nitra";21;151;172
2021-01-10;"Okres Nové Mesto nad Váhom";8;31;39
2021-01-10;"Okres Nové Zámky";4;26;30
2021-01-10;"Okres Partizánske";0;14;14
2021-01-10;"Okres Pezinok";21;57;78
2021-01-10;"Okres Piešťany";4;19;23
2021-01-10;"Okres Poltár";1;9;10
2021-01-10;"Okres Poprad";2;14;16
2021-01-10;"Okres Považská Bystrica";1;8;9
2021-01-10;"Okres Prešov";14;34;48
2021-01-10;"Okres Prievidza";6;45;51
2021-01-10;"Okres Púchov";1;7;8
2021-01-10;"Okres Revúca";0;4;4
2021-01-10;"Okres Rimavská Sobota";4;53;57
2021-01-10;"Okres Rožňava";1;7;8
2021-01-10;"Okres Ružomberok";5;23;28
2021-01-10;"Okres Sabinov";6;12;18
2021-01-10;"Okres Senec";38;125;163
2021-01-10;"Okres Senica";5;14;19
2021-01-10;"Okres Skalica";1;7;8
2021-01-10;"Okres Snina";1;10;11
2021-01-10;"Okres Sobrance";0;12;12
2021-01-10;"Okres Spišská Nová Ves";5;19;24
2021-01-10;"Okres Stará Ľubovňa";1;4;5
2021-01-10;"Okres Stropkov";1;4;5
2021-01-10;"Okres Svidník";0;5;5
2021-01-10;"Okres Šaľa";3;26;29
2021-01-10;"Okres Topoľčany";3;12;15
2021-01-10;"Okres Trebišov";5;34;39
2021-01-10;"Okres Trenčín";60;116;176
2021-01-10;"Okres Trnava";28;80;108
2021-01-10;"Okres Turčianske Teplice";1;8;9
2021-01-10;"Okres Tvrdošín";1;5;6
2021-01-10;"Okres Veľký Krtíš";1;11;12
2021-01-10;"Okres Vranov nad Topľou";9;40;49
2021-01-10;"Okres Zlaté Moravce";4;15;19
2021-01-10;"Okres Zvolen";8;38;46
2021-01-10;"Okres Žarnovica";5;12;17
2021-01-10;"Okres Žiar nad Hronom";6;44;50
2021-01-10;"Okres Žilina";1;11;12
2021-01-10;NA;54;188;242
2021-01-09;"Neznáme";223;764;987
2021-01-09;"Okres Bánovce nad Bebravou";22;59;81
2021-01-09;"Okres Banská Bystrica";103;261;364
2021-01-09;"Okres Banská Štiavnica";10;57;67
2021-01-09;"Okres Bardejov";58;149;207
2021-01-09;"Okres Bratislava I";27;124;151
2021-01-09;"Okres Bratislava II";50;301;351
2021-01-09;"Okres Bratislava III";39;174;213
2021-01-09;"Okres Bratislava IV";77;287;364
2021-01-09;"Okres Bratislava V";42;281;323
2021-01-09;"Okres Brezno";15;44;59
2021-01-09;"Okres Bytča";8;21;29
2021-01-09;"Okres Čadca";24;113;137
2021-01-09;"Okres Detva";14;43;57
2021-01-09;"Okres Dolný Kubín";1;17;18
2021-01-09;"Okres Dunajská Streda";129;353;482
2021-01-09;"Okres Galanta";82;193;275
2021-01-09;"Okres Gelnica";8;43;51
2021-01-09;"Okres Hlohovec";35;65;100
2021-01-09;"Okres Humenné";29;114;143
2021-01-09;"Okres Ilava";45;131;176
2021-01-09;"Okres Kežmarok";36;87;123
2021-01-09;"Okres Komárno";30;96;126
2021-01-09;"Okres Košice - okolie";160;247;407
2021-01-09;"Okres Košice I";26;55;81
2021-01-09;"Okres Košice II";19;76;95
2021-01-09;"Okres Košice III";16;23;39
2021-01-09;"Okres Košice IV";13;33;46
2021-01-09;"Okres Krupina";6;26;32
2021-01-09;"Okres Kysucké Nové Mesto";0;16;16
2021-01-09;"Okres Levice";92;222;314
2021-01-09;"Okres Levoča";6;61;67
2021-01-09;"Okres Liptovský Mikuláš";48;125;173
2021-01-09;"Okres Lučenec";3;17;20
2021-01-09;"Okres Malacky";33;133;166
2021-01-09;"Okres Martin";36;104;140
2021-01-09;"Okres Medzilaborce";20;59;79
2021-01-09;"Okres Michalovce";41;161;202
2021-01-09;"Okres Myjava";0;6;6
2021-01-09;"Okres Námestovo";3;92;95
2021-01-09;"Okres Nitra";181;299;480
2021-01-09;"Okres Nové Mesto nad Váhom";52;126;178
2021-01-09;"Okres Nové Zámky";42;151;193
2021-01-09;"Okres Partizánske";25;63;88
2021-01-09;"Okres Pezinok";27;104;131
2021-01-09;"Okres Piešťany";43;64;107
2021-01-09;"Okres Poltár";0;5;5
2021-01-09;"Okres Poprad";54;134;188
2021-01-09;"Okres Považská Bystrica";36;38;74
2021-01-09;"Okres Prešov";53;196;249
2021-01-09;"Okres Prievidza";31;174;205
2021-01-09;"Okres Púchov";15;62;77
2021-01-09;"Okres Revúca";22;58;80
2021-01-09;"Okres Rimavská Sobota";42;95;137
2021-01-09;"Okres Rožňava";17;41;58
2021-01-09;"Okres Ružomberok";15;58;73
2021-01-09;"Okres Sabinov";31;130;161
2021-01-09;"Okres Senec";41;211;252
2021-01-09;"Okres Senica";12;22;34
2021-01-09;"Okres Skalica";4;8;12
2021-01-09;"Okres Snina";2;40;42
2021-01-09;"Okres Sobrance";1;37;38
2021-01-09;"Okres Spišská Nová Ves";36;181;217
2021-01-09;"Okres Stará Ľubovňa";61;258;319
2021-01-09;"Okres Stropkov";9;36;45
2021-01-09;"Okres Svidník";18;86;104
2021-01-09;"Okres Šaľa";38;106;144
2021-01-09;"Okres Topoľčany";53;77;130
2021-01-09;"Okres Trebišov";17;78;95
2021-01-09;"Okres Trenčín";51;194;245
2021-01-09;"Okres Trnava";104;311;415
2021-01-09;"Okres Turčianske Teplice";5;22;27
2021-01-09;"Okres Tvrdošín";3;46;49
2021-01-09;"Okres Veľký Krtíš";2;17;19
2021-01-09;"Okres Vranov nad Topľou";73;185;258
2021-01-09;"Okres Zlaté Moravce";27;61;88
2021-01-09;"Okres Zvolen";27;123;150
2021-01-09;"Okres Žarnovica";31;82;113
2021-01-09;"Okres Žiar nad Hronom";29;70;99
2021-01-09;"Okres Žilina";38;113;151
2021-01-09;NA;113;339;452
2021-01-08;"Neznáme";525;1331;1856
2021-01-08;"Okres Bánovce nad Bebravou";19;31;50
2021-01-08;"Okres Banská Bystrica";106;290;396
2021-01-08;"Okres Banská Štiavnica";0;13;13
2021-01-08;"Okres Bardejov";56;175;231
2021-01-08;"Okres Bratislava I";35;183;218
2021-01-08;"Okres Bratislava II";106;372;478
2021-01-08;"Okres Bratislava III";39;245;284
2021-01-08;"Okres Bratislava IV";78;311;389
2021-01-08;"Okres Bratislava V";94;341;435
2021-01-08;"Okres Brezno";33;111;144
2021-01-08;"Okres Bytča";22;43;65
2021-01-08;"Okres Čadca";17;71;88
2021-01-08;"Okres Detva";25;59;84
2021-01-08;"Okres Dolný Kubín";35;82;117
2021-01-08;"Okres Dunajská Streda";64;224;288
2021-01-08;"Okres Galanta";83;170;253
2021-01-08;"Okres Gelnica";7;30;37
2021-01-08;"Okres Hlohovec";35;63;98
2021-01-08;"Okres Humenné";42;85;127
2021-01-08;"Okres Ilava";54;122;176
2021-01-08;"Okres Kežmarok";22;124;146
2021-01-08;"Okres Komárno";31;103;134
2021-01-08;"Okres Košice - okolie";156;304;460
2021-01-08;"Okres Košice I";28;78;106
2021-01-08;"Okres Košice II";33;73;106
2021-01-08;"Okres Košice III";17;22;39
2021-01-08;"Okres Košice IV";8;40;48
2021-01-08;"Okres Krupina";19;41;60
2021-01-08;"Okres Kysucké Nové Mesto";13;25;38
2021-01-08;"Okres Levice";102;212;314
2021-01-08;"Okres Levoča";1;35;36
2021-01-08;"Okres Liptovský Mikuláš";67;134;201
2021-01-08;"Okres Lučenec";70;123;193
2021-01-08;"Okres Malacky";30;116;146
2021-01-08;"Okres Martin";43;126;169
2021-01-08;"Okres Medzilaborce";6;10;16
2021-01-08;"Okres Michalovce";22;190;212
2021-01-08;"Okres Myjava";13;32;45
2021-01-08;"Okres Námestovo";22;124;146
2021-01-08;"Okres Nitra";198;337;535
2021-01-08;"Okres Nové Mesto nad Váhom";54;97;151
2021-01-08;"Okres Nové Zámky";168;225;393
2021-01-08;"Okres Partizánske";17;52;69
2021-01-08;"Okres Pezinok";35;126;161
2021-01-08;"Okres Piešťany";35;115;150
2021-01-08;"Okres Poltár";17;35;52
2021-01-08;"Okres Poprad";54;245;299
2021-01-08;"Okres Považská Bystrica";44;99;143
2021-01-08;"Okres Prešov";118;388;506
2021-01-08;"Okres Prievidza";109;251;360
2021-01-08;"Okres Púchov";19;76;95
2021-01-08;"Okres Revúca";32;66;98
2021-01-08;"Okres Rimavská Sobota";69;109;178
2021-01-08;"Okres Rožňava";23;65;88
2021-01-08;"Okres Ružomberok";40;109;149
2021-01-08;"Okres Sabinov";18;134;152
2021-01-08;"Okres Senec";64;249;313
2021-01-08;"Okres Senica";7;57;64
2021-01-08;"Okres Skalica";9;26;35
2021-01-08;"Okres Snina";13;50;63
2021-01-08;"Okres Sobrance";4;46;50
2021-01-08;"Okres Spišská Nová Ves";20;77;97
2021-01-08;"Okres Stará Ľubovňa";9;112;121
2021-01-08;"Okres Stropkov";22;58;80
2021-01-08;"Okres Svidník";18;71;89
2021-01-08;"Okres Šaľa";45;73;118
2021-01-08;"Okres Topoľčany";54;113;167
2021-01-08;"Okres Trebišov";79;216;295
2021-01-08;"Okres Trenčín";140;323;463
2021-01-08;"Okres Trnava";79;273;352
2021-01-08;"Okres Turčianske Teplice";6;15;21
2021-01-08;"Okres Tvrdošín";20;58;78
2021-01-08;"Okres Veľký Krtíš";27;52;79
2021-01-08;"Okres Vranov nad Topľou";67;195;262
2021-01-08;"Okres Zlaté Moravce";57;100;157
2021-01-08;"Okres Zvolen";24;167;191
2021-01-08;"Okres Žarnovica";13;21;34
2021-01-08;"Okres Žiar nad Hronom";15;66;81
2021-01-08;"Okres Žilina";103;336;439
2021-01-08;NA;147;551;698
2021-01-07;"Neznáme";412;934;1346
2021-01-07;"Okres Bánovce nad Bebravou";24;28;52
2021-01-07;"Okres Banská Bystrica";38;111;149
2021-01-07;"Okres Banská Štiavnica";2;2;4
2021-01-07;"Okres Bardejov";15;66;81
2021-01-07;"Okres Bratislava I";38;128;166
2021-01-07;"Okres Bratislava II";84;251;335
2021-01-07;"Okres Bratislava III";53;182;235
2021-01-07;"Okres Bratislava IV";68;225;293
2021-01-07;"Okres Bratislava V";74;262;336
2021-01-07;"Okres Brezno";9;76;85
2021-01-07;"Okres Bytča";26;44;70
2021-01-07;"Okres Čadca";50;71;121
2021-01-07;"Okres Detva";10;63;73
2021-01-07;"Okres Dolný Kubín";1;23;24
2021-01-07;"Okres Dunajská Streda";93;194;287
2021-01-07;"Okres Galanta";53;85;138
2021-01-07;"Okres Gelnica";11;47;58
2021-01-07;"Okres Hlohovec";49;62;111
2021-01-07;"Okres Humenné";11;29;40
2021-01-07;"Okres Ilava";40;47;87
2021-01-07;"Okres Kežmarok";20;54;74
2021-01-07;"Okres Komárno";11;65;76
2021-01-07;"Okres Košice - okolie";50;114;164
2021-01-07;"Okres Košice I";8;20;28
2021-01-07;"Okres Košice II";15;35;50
2021-01-07;"Okres Košice III";4;8;12
2021-01-07;"Okres Košice IV";4;10;14
2021-01-07;"Okres Krupina";6;26;32
2021-01-07;"Okres Kysucké Nové Mesto";24;36;60
2021-01-07;"Okres Levice";34;146;180
2021-01-07;"Okres Levoča";14;45;59
2021-01-07;"Okres Liptovský Mikuláš";29;24;53
2021-01-07;"Okres Lučenec";0;13;13
2021-01-07;"Okres Malacky";59;85;144
2021-01-07;"Okres Martin";116;130;246
2021-01-07;"Okres Medzilaborce";5;10;15
2021-01-07;"Okres Michalovce";19;67;86
2021-01-07;"Okres Myjava";25;19;44
2021-01-07;"Okres Námestovo";6;92;98
2021-01-07;"Okres Nitra";103;157;260
2021-01-07;"Okres Nové Mesto nad Váhom";102;139;241
2021-01-07;"Okres Nové Zámky";67;114;181
2021-01-07;"Okres Partizánske";10;15;25
2021-01-07;"Okres Pezinok";47;109;156
2021-01-07;"Okres Piešťany";72;110;182
2021-01-07;"Okres Poltár";0;1;1
2021-01-07;"Okres Poprad";8;63;71
2021-01-07;"Okres Považská Bystrica";53;63;116
2021-01-07;"Okres Prešov";112;311;423
2021-01-07;"Okres Prievidza";27;78;105
2021-01-07;"Okres Púchov";24;39;63
2021-01-07;"Okres Revúca";8;41;49
2021-01-07;"Okres Rimavská Sobota";24;48;72
2021-01-07;"Okres Rožňava";11;44;55
2021-01-07;"Okres Ružomberok";27;144;171
2021-01-07;"Okres Sabinov";39;81;120
2021-01-07;"Okres Senec";61;147;208
2021-01-07;"Okres Senica";20;50;70
2021-01-07;"Okres Skalica";9;33;42
2021-01-07;"Okres Snina";11;36;47
2021-01-07;"Okres Sobrance";0;4;4
2021-01-07;"Okres Spišská Nová Ves";48;151;199
2021-01-07;"Okres Stará Ľubovňa";34;88;122
2021-01-07;"Okres Stropkov";0;20;20
2021-01-07;"Okres Svidník";13;38;51
2021-01-07;"Okres Šaľa";29;47;76
2021-01-07;"Okres Topoľčany";25;42;67
2021-01-07;"Okres Trebišov";41;73;114
2021-01-07;"Okres Trenčín";116;253;369
2021-01-07;"Okres Trnava";125;240;365
2021-01-07;"Okres Turčianske Teplice";18;10;28
2021-01-07;"Okres Tvrdošín";1;31;32
2021-01-07;"Okres Veľký Krtíš";1;50;51
2021-01-07;"Okres Vranov nad Topľou";4;45;49
2021-01-07;"Okres Zlaté Moravce";12;23;35
2021-01-07;"Okres Zvolen";24;138;162
2021-01-07;"Okres Žarnovica";7;15;22
2021-01-07;"Okres Žiar nad Hronom";3;25;28
2021-01-07;"Okres Žilina";126;250;376
2021-01-07;NA;51;239;290
2021-01-06;"Neznáme";124;421;545
2021-01-06;"Okres Bánovce nad Bebravou";10;23;33
2021-01-06;"Okres Banská Bystrica";137;323;460
2021-01-06;"Okres Banská Štiavnica";6;9;15
2021-01-06;"Okres Bardejov";33;71;104
2021-01-06;"Okres Bratislava I";17;106;123
2021-01-06;"Okres Bratislava II";39;167;206
2021-01-06;"Okres Bratislava III";16;119;135
2021-01-06;"Okres Bratislava IV";33;139;172
2021-01-06;"Okres Bratislava V";48;147;195
2021-01-06;"Okres Brezno";20;46;66
2021-01-06;"Okres Bytča";6;10;16
2021-01-06;"Okres Čadca";54;85;139
2021-01-06;"Okres Detva";8;31;39
2021-01-06;"Okres Dolný Kubín";6;67;73
2021-01-06;"Okres Dunajská Streda";79;147;226
2021-01-06;"Okres Galanta";42;80;122
2021-01-06;"Okres Gelnica";8;30;38
2021-01-06;"Okres Hlohovec";10;33;43
2021-01-06;"Okres Humenné";3;30;33
2021-01-06;"Okres Ilava";74;100;174
2021-01-06;"Okres Kežmarok";36;102;138
2021-01-06;"Okres Komárno";4;24;28
2021-01-06;"Okres Košice - okolie";90;135;225
2021-01-06;"Okres Košice I";24;27;51
2021-01-06;"Okres Košice II";32;52;84
2021-01-06;"Okres Košice III";8;11;19
2021-01-06;"Okres Košice IV";16;12;28
2021-01-06;"Okres Krupina";11;37;48
2021-01-06;"Okres Kysucké Nové Mesto";4;4;8
2021-01-06;"Okres Levice";47;129;176
2021-01-06;"Okres Levoča";18;24;42
2021-01-06;"Okres Liptovský Mikuláš";31;103;134
2021-01-06;"Okres Lučenec";13;147;160
2021-01-06;"Okres Malacky";26;78;104
2021-01-06;"Okres Martin";1;25;26
2021-01-06;"Okres Medzilaborce";5;11;16
2021-01-06;"Okres Michalovce";33;106;139
2021-01-06;"Okres Myjava";2;0;2
2021-01-06;"Okres Námestovo";3;64;67
2021-01-06;"Okres Nitra";61;127;188
2021-01-06;"Okres Nové Mesto nad Váhom";18;47;65
2021-01-06;"Okres Nové Zámky";33;83;116
2021-01-06;"Okres Partizánske";14;21;35
2021-01-06;"Okres Pezinok";27;75;102
2021-01-06;"Okres Piešťany";2;18;20
2021-01-06;"Okres Poltár";10;44;54
2021-01-06;"Okres Poprad";66;133;199
2021-01-06;"Okres Považská Bystrica";30;45;75
2021-01-06;"Okres Prešov";10;74;84
2021-01-06;"Okres Prievidza";14;41;55
2021-01-06;"Okres Púchov";12;56;68
2021-01-06;"Okres Revúca";4;6;10
2021-01-06;"Okres Rimavská Sobota";40;67;107
2021-01-06;"Okres Rožňava";3;34;37
2021-01-06;"Okres Ružomberok";35;93;128
2021-01-06;"Okres Sabinov";19;44;63
2021-01-06;"Okres Senec";46;125;171
2021-01-06;"Okres Senica";2;37;39
2021-01-06;"Okres Skalica";0;9;9
2021-01-06;"Okres Snina";10;43;53
2021-01-06;"Okres Sobrance";1;10;11
2021-01-06;"Okres Spišská Nová Ves";68;189;257
2021-01-06;"Okres Stará Ľubovňa";45;134;179
2021-01-06;"Okres Stropkov";13;44;57
2021-01-06;"Okres Svidník";26;44;70
2021-01-06;"Okres Šaľa";20;41;61
2021-01-06;"Okres Topoľčany";33;47;80
2021-01-06;"Okres Trebišov";49;103;152
2021-01-06;"Okres Trenčín";54;115;169
2021-01-06;"Okres Trnava";38;117;155
2021-01-06;"Okres Turčianske Teplice";2;4;6
2021-01-06;"Okres Tvrdošín";1;19;20
2021-01-06;"Okres Veľký Krtíš";11;69;80
2021-01-06;"Okres Vranov nad Topľou";36;81;117
2021-01-06;"Okres Zlaté Moravce";34;27;61
2021-01-06;"Okres Zvolen";19;101;120
2021-01-06;"Okres Žarnovica";18;58;76
2021-01-06;"Okres Žiar nad Hronom";19;60;79
2021-01-06;"Okres Žilina";5;12;17
2021-01-06;"Zahraničie";0;1;1
2021-01-06;NA;98;261;359
2021-01-05;"Neznáme";587;1221;1808
2021-01-05;"Okres Bánovce nad Bebravou";21;88;109
2021-01-05;"Okres Banská Bystrica";108;266;374
2021-01-05;"Okres Banská Štiavnica";4;11;15
2021-01-05;"Okres Bardejov";123;246;369
2021-01-05;"Okres Bratislava I";44;199;243
2021-01-05;"Okres Bratislava II";95;453;548
2021-01-05;"Okres Bratislava III";79;303;382
2021-01-05;"Okres Bratislava IV";75;312;387
2021-01-05;"Okres Bratislava V";112;322;434
2021-01-05;"Okres Brezno";30;69;99
2021-01-05;"Okres Bytča";55;63;118
2021-01-05;"Okres Čadca";69;149;218
2021-01-05;"Okres Detva";15;86;101
2021-01-05;"Okres Dolný Kubín";19;63;82
2021-01-05;"Okres Dunajská Streda";80;194;274
2021-01-05;"Okres Galanta";60;173;233
2021-01-05;"Okres Gelnica";2;50;52
2021-01-05;"Okres Hlohovec";57;78;135
2021-01-05;"Okres Humenné";27;82;109
2021-01-05;"Okres Ilava";68;110;178
2021-01-05;"Okres Kežmarok";33;89;122
2021-01-05;"Okres Komárno";69;112;181
2021-01-05;"Okres Košice - okolie";129;289;418
2021-01-05;"Okres Košice I";18;56;74
2021-01-05;"Okres Košice II";31;73;104
2021-01-05;"Okres Košice III";20;21;41
2021-01-05;"Okres Košice IV";10;29;39
2021-01-05;"Okres Krupina";3;35;38
2021-01-05;"Okres Kysucké Nové Mesto";31;58;89
2021-01-05;"Okres Levice";29;93;122
2021-01-05;"Okres Levoča";19;81;100
2021-01-05;"Okres Liptovský Mikuláš";69;157;226
2021-01-05;"Okres Lučenec";54;172;226
2021-01-05;"Okres Malacky";48;223;271
2021-01-05;"Okres Martin";174;129;303
2021-01-05;"Okres Medzilaborce";5;6;11
2021-01-05;"Okres Michalovce";53;177;230
2021-01-05;"Okres Myjava";19;42;61
2021-01-05;"Okres Námestovo";14;52;66
2021-01-05;"Okres Nitra";141;245;386
2021-01-05;"Okres Nové Mesto nad Váhom";47;115;162
2021-01-05;"Okres Nové Zámky";159;260;419
2021-01-05;"Okres Partizánske";32;52;84
2021-01-05;"Okres Pezinok";41;153;194
2021-01-05;"Okres Piešťany";91;142;233
2021-01-05;"Okres Poltár";14;52;66
2021-01-05;"Okres Poprad";103;215;318
2021-01-05;"Okres Považská Bystrica";129;158;287
2021-01-05;"Okres Prešov";121;345;466
2021-01-05;"Okres Prievidza";113;163;276
2021-01-05;"Okres Púchov";58;93;151
2021-01-05;"Okres Revúca";16;71;87
2021-01-05;"Okres Rimavská Sobota";51;89;140
2021-01-05;"Okres Rožňava";29;91;120
2021-01-05;"Okres Ružomberok";36;103;139
2021-01-05;"Okres Sabinov";32;102;134
2021-01-05;"Okres Senec";78;248;326
2021-01-05;"Okres Senica";39;274;313
2021-01-05;"Okres Skalica";23;88;111
2021-01-05;"Okres Snina";3;32;35
2021-01-05;"Okres Sobrance";5;26;31
2021-01-05;"Okres Spišská Nová Ves";56;225;281
2021-01-05;"Okres Stará Ľubovňa";60;139;199
2021-01-05;"Okres Stropkov";5;21;26
2021-01-05;"Okres Svidník";29;48;77
2021-01-05;"Okres Šaľa";35;83;118
2021-01-05;"Okres Topoľčany";57;105;162
2021-01-05;"Okres Trebišov";97;248;345
2021-01-05;"Okres Trenčín";165;352;517
2021-01-05;"Okres Trnava";160;402;562
2021-01-05;"Okres Turčianske Teplice";21;16;37
2021-01-05;"Okres Tvrdošín";9;79;88
2021-01-05;"Okres Veľký Krtíš";3;42;45
2021-01-05;"Okres Vranov nad Topľou";121;184;305
2021-01-05;"Okres Zlaté Moravce";59;77;136
2021-01-05;"Okres Zvolen";64;193;257
2021-01-05;"Okres Žarnovica";6;16;22
2021-01-05;"Okres Žiar nad Hronom";16;44;60
2021-01-05;"Okres Žilina";168;340;508
2021-01-05;NA;147;462;609
2021-01-04;"Neznáme";439;1059;1498
2021-01-04;"Okres Bánovce nad Bebravou";11;69;80
2021-01-04;"Okres Banská Bystrica";25;134;159
2021-01-04;"Okres Banská Štiavnica";1;13;14
2021-01-04;"Okres Bardejov";14;94;108
2021-01-04;"Okres Bratislava I";31;196;227
2021-01-04;"Okres Bratislava II";119;376;495
2021-01-04;"Okres Bratislava III";69;247;316
2021-01-04;"Okres Bratislava IV";94;305;399
2021-01-04;"Okres Bratislava V";113;293;406
2021-01-04;"Okres Brezno";3;35;38
2021-01-04;"Okres Bytča";41;57;98
2021-01-04;"Okres Čadca";8;60;68
2021-01-04;"Okres Detva";20;69;89
2021-01-04;"Okres Dolný Kubín";11;22;33
2021-01-04;"Okres Dunajská Streda";34;79;113
2021-01-04;"Okres Galanta";34;74;108
2021-01-04;"Okres Gelnica";8;17;25
2021-01-04;"Okres Hlohovec";26;34;60
2021-01-04;"Okres Humenné";6;50;56
2021-01-04;"Okres Ilava";29;52;81
2021-01-04;"Okres Kežmarok";10;68;78
2021-01-04;"Okres Komárno";26;78;104
2021-01-04;"Okres Košice - okolie";114;261;375
2021-01-04;"Okres Košice I";36;76;112
2021-01-04;"Okres Košice II";34;93;127
2021-01-04;"Okres Košice III";14;19;33
2021-01-04;"Okres Košice IV";19;31;50
2021-01-04;"Okres Krupina";8;49;57
2021-01-04;"Okres Kysucké Nové Mesto";20;47;67
2021-01-04;"Okres Levice";47;76;123
2021-01-04;"Okres Levoča";2;29;31
2021-01-04;"Okres Liptovský Mikuláš";29;67;96
2021-01-04;"Okres Lučenec";28;110;138
2021-01-04;"Okres Malacky";52;189;241
2021-01-04;"Okres Martin";144;349;493
2021-01-04;"Okres Medzilaborce";7;6;13
2021-01-04;"Okres Michalovce";29;79;108
2021-01-04;"Okres Myjava";18;71;89
2021-01-04;"Okres Námestovo";4;32;36
2021-01-04;"Okres Nitra";59;115;174
2021-01-04;"Okres Nové Mesto nad Váhom";34;99;133
2021-01-04;"Okres Nové Zámky";14;61;75
2021-01-04;"Okres Partizánske";6;19;25
2021-01-04;"Okres Pezinok";49;102;151
2021-01-04;"Okres Piešťany";35;94;129
2021-01-04;"Okres Poltár";5;24;29
2021-01-04;"Okres Poprad";17;65;82
2021-01-04;"Okres Považská Bystrica";24;50;74
2021-01-04;"Okres Prešov";161;459;620
2021-01-04;"Okres Prievidza";58;127;185
2021-01-04;"Okres Púchov";6;21;27
2021-01-04;"Okres Revúca";2;7;9
2021-01-04;"Okres Rimavská Sobota";2;18;20
2021-01-04;"Okres Rožňava";2;53;55
2021-01-04;"Okres Ružomberok";31;71;102
2021-01-04;"Okres Sabinov";50;132;182
2021-01-04;"Okres Senec";75;226;301
2021-01-04;"Okres Senica";21;53;74
2021-01-04;"Okres Skalica";17;60;77
2021-01-04;"Okres Snina";19;44;63
2021-01-04;"Okres Sobrance";7;20;27
2021-01-04;"Okres Spišská Nová Ves";8;25;33
2021-01-04;"Okres Stará Ľubovňa";10;61;71
2021-01-04;"Okres Stropkov";18;52;70
2021-01-04;"Okres Svidník";48;126;174
2021-01-04;"Okres Šaľa";17;30;47
2021-01-04;"Okres Topoľčany";14;34;48
2021-01-04;"Okres Trebišov";14;110;124
2021-01-04;"Okres Trenčín";143;277;420
2021-01-04;"Okres Trnava";73;226;299
2021-01-04;"Okres Turčianske Teplice";18;33;51
2021-01-04;"Okres Tvrdošín";2;5;7
2021-01-04;"Okres Veľký Krtíš";4;35;39
2021-01-04;"Okres Vranov nad Topľou";21;49;70
2021-01-04;"Okres Zlaté Moravce";12;20;32
2021-01-04;"Okres Zvolen";34;208;242
2021-01-04;"Okres Žarnovica";3;11;14
2021-01-04;"Okres Žiar nad Hronom";5;55;60
2021-01-04;"Okres Žilina";151;339;490
2021-01-04;"Zahraničie";0;1;1
2021-01-04;NA;147;501;648
2021-01-03;"Neznáme";26;118;144
2021-01-03;"Okres Bánovce nad Bebravou";6;15;21
2021-01-03;"Okres Banská Bystrica";146;181;327
2021-01-03;"Okres Banská Štiavnica";1;6;7
2021-01-03;"Okres Bardejov";1;12;13
2021-01-03;"Okres Bratislava I";3;71;74
2021-01-03;"Okres Bratislava II";19;121;140
2021-01-03;"Okres Bratislava III";13;74;87
2021-01-03;"Okres Bratislava IV";15;66;81
2021-01-03;"Okres Bratislava V";10;80;90
2021-01-03;"Okres Brezno";15;34;49
2021-01-03;"Okres Bytča";0;3;3
2021-01-03;"Okres Čadca";0;14;14
2021-01-03;"Okres Detva";10;16;26
2021-01-03;"Okres Dolný Kubín";1;5;6
2021-01-03;"Okres Dunajská Streda";13;40;53
2021-01-03;"Okres Galanta";18;43;61
2021-01-03;"Okres Gelnica";0;11;11
2021-01-03;"Okres Hlohovec";3;12;15
2021-01-03;"Okres Humenné";20;37;57
2021-01-03;"Okres Ilava";8;10;18
2021-01-03;"Okres Kežmarok";2;15;17
2021-01-03;"Okres Komárno";1;9;10
2021-01-03;"Okres Košice - okolie";25;78;103
2021-01-03;"Okres Košice I";6;8;14
2021-01-03;"Okres Košice II";6;15;21
2021-01-03;"Okres Košice III";2;0;2
2021-01-03;"Okres Košice IV";4;13;17
2021-01-03;"Okres Krupina";0;3;3
2021-01-03;"Okres Kysucké Nové Mesto";1;4;5
2021-01-03;"Okres Levice";7;34;41
2021-01-03;"Okres Levoča";1;12;13
2021-01-03;"Okres Liptovský Mikuláš";7;9;16
2021-01-03;"Okres Lučenec";6;6;12
2021-01-03;"Okres Malacky";11;38;49
2021-01-03;"Okres Martin";0;9;9
2021-01-03;"Okres Medzilaborce";3;3;6
2021-01-03;"Okres Michalovce";32;90;122
2021-01-03;"Okres Myjava";0;2;2
2021-01-03;"Okres Námestovo";0;8;8
2021-01-03;"Okres Nitra";23;52;75
2021-01-03;"Okres Nové Mesto nad Váhom";4;11;15
2021-01-03;"Okres Nové Zámky";2;15;17
2021-01-03;"Okres Partizánske";0;9;9
2021-01-03;"Okres Pezinok";3;34;37
2021-01-03;"Okres Piešťany";6;13;19
2021-01-03;"Okres Poltár";0;1;1
2021-01-03;"Okres Poprad";4;31;35
2021-01-03;"Okres Považská Bystrica";0;7;7
2021-01-03;"Okres Prešov";40;135;175
2021-01-03;"Okres Prievidza";2;29;31
2021-01-03;"Okres Púchov";0;1;1
2021-01-03;"Okres Rimavská Sobota";0;5;5
2021-01-03;"Okres Rožňava";0;6;6
2021-01-03;"Okres Ružomberok";3;17;20
2021-01-03;"Okres Sabinov";14;30;44
2021-01-03;"Okres Senec";7;79;86
2021-01-03;"Okres Senica";0;6;6
2021-01-03;"Okres Skalica";1;8;9
2021-01-03;"Okres Snina";0;17;17
2021-01-03;"Okres Sobrance";3;15;18
2021-01-03;"Okres Spišská Nová Ves";1;30;31
2021-01-03;"Okres Stará Ľubovňa";0;11;11
2021-01-03;"Okres Stropkov";0;3;3
2021-01-03;"Okres Svidník";1;4;5
2021-01-03;"Okres Šaľa";6;12;18
2021-01-03;"Okres Topoľčany";3;10;13
2021-01-03;"Okres Trebišov";1;24;25
2021-01-03;"Okres Trenčín";22;48;70
2021-01-03;"Okres Trnava";17;83;100
2021-01-03;"Okres Turčianske Teplice";1;1;2
2021-01-03;"Okres Tvrdošín";0;5;5
2021-01-03;"Okres Veľký Krtíš";0;6;6
2021-01-03;"Okres Vranov nad Topľou";5;30;35
2021-01-03;"Okres Zlaté Moravce";0;8;8
2021-01-03;"Okres Zvolen";15;47;62
2021-01-03;"Okres Žarnovica";2;10;12
2021-01-03;"Okres Žiar nad Hronom";7;47;54
2021-01-03;"Okres Žilina";1;30;31
2021-01-03;NA;35;185;220
2021-01-02;"Neznáme";240;482;722
2021-01-02;"Okres Bánovce nad Bebravou";24;34;58
2021-01-02;"Okres Banská Bystrica";62;78;140
2021-01-02;"Okres Banská Štiavnica";2;6;8
2021-01-02;"Okres Bardejov";4;21;25
2021-01-02;"Okres Bratislava I";1;28;29
2021-01-02;"Okres Bratislava II";13;61;74
2021-01-02;"Okres Bratislava III";13;31;44
2021-01-02;"Okres Bratislava IV";6;42;48
2021-01-02;"Okres Bratislava V";10;38;48
2021-01-02;"Okres Brezno";1;14;15
2021-01-02;"Okres Bytča";15;22;37
2021-01-02;"Okres Čadca";2;12;14
2021-01-02;"Okres Detva";6;16;22
2021-01-02;"Okres Dolný Kubín";1;5;6
2021-01-02;"Okres Dunajská Streda";54;122;176
2021-01-02;"Okres Galanta";48;77;125
2021-01-02;"Okres Gelnica";0;19;19
2021-01-02;"Okres Hlohovec";43;34;77
2021-01-02;"Okres Humenné";4;33;37
2021-01-02;"Okres Ilava";13;32;45
2021-01-02;"Okres Kežmarok";3;26;29
2021-01-02;"Okres Komárno";1;8;9
2021-01-02;"Okres Košice - okolie";10;43;53
2021-01-02;"Okres Košice I";0;1;1
2021-01-02;"Okres Košice II";2;1;3
2021-01-02;"Okres Košice IV";0;1;1
2021-01-02;"Okres Krupina";1;15;16
2021-01-02;"Okres Kysucké Nové Mesto";2;11;13
2021-01-02;"Okres Levice";18;66;84
2021-01-02;"Okres Levoča";14;39;53
2021-01-02;"Okres Liptovský Mikuláš";3;23;26
2021-01-02;"Okres Lučenec";4;4;8
2021-01-02;"Okres Malacky";13;34;47
2021-01-02;"Okres Martin";6;9;15
2021-01-02;"Okres Medzilaborce";1;3;4
2021-01-02;"Okres Michalovce";0;5;5
2021-01-02;"Okres Myjava";0;3;3
2021-01-02;"Okres Námestovo";7;20;27
2021-01-02;"Okres Nitra";76;83;159
2021-01-02;"Okres Nové Mesto nad Váhom";7;16;23
2021-01-02;"Okres Nové Zámky";19;40;59
2021-01-02;"Okres Partizánske";20;16;36
2021-01-02;"Okres Pezinok";15;40;55
2021-01-02;"Okres Piešťany";15;17;32
2021-01-02;"Okres Poltár";0;1;1
2021-01-02;"Okres Poprad";21;56;77
2021-01-02;"Okres Považská Bystrica";21;29;50
2021-01-02;"Okres Prešov";9;50;59
2021-01-02;"Okres Prievidza";17;49;66
2021-01-02;"Okres Púchov";15;21;36
2021-01-02;"Okres Revúca";0;3;3
2021-01-02;"Okres Rimavská Sobota";0;4;4
2021-01-02;"Okres Rožňava";1;10;11
2021-01-02;"Okres Ružomberok";13;28;41
2021-01-02;"Okres Sabinov";2;15;17
2021-01-02;"Okres Senec";28;82;110
2021-01-02;"Okres Senica";4;27;31
2021-01-02;"Okres Skalica";1;13;14
2021-01-02;"Okres Snina";2;9;11
2021-01-02;"Okres Sobrance";1;7;8
2021-01-02;"Okres Spišská Nová Ves";47;129;176
2021-01-02;"Okres Stará Ľubovňa";1;25;26
2021-01-02;"Okres Stropkov";3;23;26
2021-01-02;"Okres Svidník";3;11;14
2021-01-02;"Okres Šaľa";15;23;38
2021-01-02;"Okres Topoľčany";23;28;51
2021-01-02;"Okres Trebišov";3;11;14
2021-01-02;"Okres Trenčín";18;47;65
2021-01-02;"Okres Trnava";91;157;248
2021-01-02;"Okres Turčianske Teplice";0;4;4
2021-01-02;"Okres Tvrdošín";0;16;16
2021-01-02;"Okres Veľký Krtíš";0;4;4
2021-01-02;"Okres Vranov nad Topľou";7;22;29
2021-01-02;"Okres Zlaté Moravce";24;21;45
2021-01-02;"Okres Zvolen";29;56;85
2021-01-02;"Okres Žarnovica";7;11;18
2021-01-02;"Okres Žiar nad Hronom";17;33;50
2021-01-02;"Okres Žilina";45;115;160
2021-01-02;NA;20;130;150
2021-01-01;"Neznáme";35;112;147
2021-01-01;"Okres Bánovce nad Bebravou";10;17;27
2021-01-01;"Okres Banská Bystrica";124;83;207
2021-01-01;"Okres Banská Štiavnica";0;1;1
2021-01-01;"Okres Bardejov";47;75;122
2021-01-01;"Okres Bratislava I";14;66;80
2021-01-01;"Okres Bratislava II";28;108;136
2021-01-01;"Okres Bratislava III";30;62;92
2021-01-01;"Okres Bratislava IV";24;103;127
2021-01-01;"Okres Bratislava V";42;106;148
2021-01-01;"Okres Brezno";11;12;23
2021-01-01;"Okres Bytča";7;6;13
2021-01-01;"Okres Čadca";58;72;130
2021-01-01;"Okres Detva";8;8;16
2021-01-01;"Okres Dolný Kubín";12;46;58
2021-01-01;"Okres Dunajská Streda";46;53;99
2021-01-01;"Okres Galanta";34;77;111
2021-01-01;"Okres Gelnica";2;4;6
2021-01-01;"Okres Hlohovec";10;24;34
2021-01-01;"Okres Humenné";30;58;88
2021-01-01;"Okres Ilava";72;112;184
2021-01-01;"Okres Kežmarok";0;3;3
2021-01-01;"Okres Komárno";0;8;8
2021-01-01;"Okres Košice - okolie";80;82;162
2021-01-01;"Okres Košice I";26;29;55
2021-01-01;"Okres Košice II";41;41;82
2021-01-01;"Okres Košice III";14;13;27
2021-01-01;"Okres Košice IV";12;30;42
2021-01-01;"Okres Krupina";3;3;6
2021-01-01;"Okres Kysucké Nové Mesto";16;19;35
2021-01-01;"Okres Levice";1;6;7
2021-01-01;"Okres Levoča";2;3;5
2021-01-01;"Okres Liptovský Mikuláš";4;8;12
2021-01-01;"Okres Lučenec";0;18;18
2021-01-01;"Okres Malacky";22;35;57
2021-01-01;"Okres Martin";1;9;10
2021-01-01;"Okres Medzilaborce";5;5;10
2021-01-01;"Okres Michalovce";33;84;117
2021-01-01;"Okres Myjava";1;8;9
2021-01-01;"Okres Námestovo";1;29;30
2021-01-01;"Okres Nitra";54;56;110
2021-01-01;"Okres Nové Mesto nad Váhom";34;51;85
2021-01-01;"Okres Nové Zámky";13;106;119
2021-01-01;"Okres Partizánske";3;10;13
2021-01-01;"Okres Pezinok";25;35;60
2021-01-01;"Okres Piešťany";21;52;73
2021-01-01;"Okres Poltár";1;2;3
2021-01-01;"Okres Poprad";4;14;18
2021-01-01;"Okres Považská Bystrica";30;51;81
2021-01-01;"Okres Prešov";13;37;50
2021-01-01;"Okres Prievidza";3;28;31
2021-01-01;"Okres Púchov";15;25;40
2021-01-01;"Okres Revúca";3;8;11
2021-01-01;"Okres Rimavská Sobota";8;12;20
2021-01-01;"Okres Rožňava";24;46;70
2021-01-01;"Okres Ružomberok";8;23;31
2021-01-01;"Okres Sabinov";7;9;16
2021-01-01;"Okres Senec";41;75;116
2021-01-01;"Okres Senica";1;6;7
2021-01-01;"Okres Skalica";0;3;3
2021-01-01;"Okres Snina";2;4;6
2021-01-01;"Okres Sobrance";10;15;25
2021-01-01;"Okres Spišská Nová Ves";6;40;46
2021-01-01;"Okres Stará Ľubovňa";0;6;6
2021-01-01;"Okres Stropkov";10;17;27
2021-01-01;"Okres Svidník";24;42;66
2021-01-01;"Okres Šaľa";19;31;50
2021-01-01;"Okres Topoľčany";17;28;45
2021-01-01;"Okres Trebišov";35;86;121
2021-01-01;"Okres Trenčín";162;231;393
2021-01-01;"Okres Trnava";32;51;83
2021-01-01;"Okres Turčianske Teplice";2;2;4
2021-01-01;"Okres Tvrdošín";2;25;27
2021-01-01;"Okres Veľký Krtíš";1;3;4
2021-01-01;"Okres Vranov nad Topľou";42;94;136
2021-01-01;"Okres Zlaté Moravce";16;6;22
2021-01-01;"Okres Zvolen";38;40;78
2021-01-01;"Okres Žarnovica";7;3;10
2021-01-01;"Okres Žiar nad Hronom";18;27;45
2021-01-01;"Okres Žilina";8;15;23
2021-01-01;NA;113;123;236
2020-12-31;"Neznáme";444;889;1333
2020-12-31;"Okres Bánovce nad Bebravou";36;49;85
2020-12-31;"Okres Banská Bystrica";167;315;482
2020-12-31;"Okres Banská Štiavnica";4;15;19
2020-12-31;"Okres Bardejov";85;156;241
2020-12-31;"Okres Bratislava I";55;211;266
2020-12-31;"Okres Bratislava II";147;391;538
2020-12-31;"Okres Bratislava III";77;240;317
2020-12-31;"Okres Bratislava IV";159;418;577
2020-12-31;"Okres Bratislava V";138;377;515
2020-12-31;"Okres Brezno";40;84;124
2020-12-31;"Okres Bytča";22;17;39
2020-12-31;"Okres Čadca";116;189;305
2020-12-31;"Okres Detva";17;41;58
2020-12-31;"Okres Dolný Kubín";28;30;58
2020-12-31;"Okres Dunajská Streda";103;227;330
2020-12-31;"Okres Galanta";65;180;245
2020-12-31;"Okres Gelnica";9;54;63
2020-12-31;"Okres Hlohovec";67;81;148
2020-12-31;"Okres Humenné";30;78;108
2020-12-31;"Okres Ilava";91;143;234
2020-12-31;"Okres Kežmarok";83;120;203
2020-12-31;"Okres Komárno";63;152;215
2020-12-31;"Okres Košice - okolie";104;205;309
2020-12-31;"Okres Košice I";38;41;79
2020-12-31;"Okres Košice II";30;66;96
2020-12-31;"Okres Košice III";24;24;48
2020-12-31;"Okres Košice IV";9;23;32
2020-12-31;"Okres Krupina";15;22;37
2020-12-31;"Okres Kysucké Nové Mesto";17;41;58
2020-12-31;"Okres Levice";91;217;308
2020-12-31;"Okres Levoča";46;119;165
2020-12-31;"Okres Liptovský Mikuláš";102;155;257
2020-12-31;"Okres Lučenec";59;94;153
2020-12-31;"Okres Malacky";91;185;276
2020-12-31;"Okres Martin";6;30;36
2020-12-31;"Okres Medzilaborce";5;11;16
2020-12-31;"Okres Michalovce";74;131;205
2020-12-31;"Okres Myjava";1;11;12
2020-12-31;"Okres Námestovo";6;25;31
2020-12-31;"Okres Nitra";175;296;471
2020-12-31;"Okres Nové Mesto nad Váhom";86;104;190
2020-12-31;"Okres Nové Zámky";179;245;424
2020-12-31;"Okres Partizánske";30;42;72
2020-12-31;"Okres Pezinok";83;184;267
2020-12-31;"Okres Piešťany";63;159;222
2020-12-31;"Okres Poltár";10;12;22
2020-12-31;"Okres Poprad";127;273;400
2020-12-31;"Okres Považská Bystrica";71;149;220
2020-12-31;"Okres Prešov";110;468;578
2020-12-31;"Okres Prievidza";106;243;349
2020-12-31;"Okres Púchov";50;90;140
2020-12-31;"Okres Revúca";13;51;64
2020-12-31;"Okres Rimavská Sobota";94;128;222
2020-12-31;"Okres Rožňava";17;55;72
2020-12-31;"Okres Ružomberok";43;76;119
2020-12-31;"Okres Sabinov";10;78;88
2020-12-31;"Okres Senec";113;279;392
2020-12-31;"Okres Senica";9;29;38
2020-12-31;"Okres Skalica";7;17;24
2020-12-31;"Okres Snina";19;62;81
2020-12-31;"Okres Sobrance";7;31;38
2020-12-31;"Okres Spišská Nová Ves";96;306;402
2020-12-31;"Okres Stará Ľubovňa";35;131;166
2020-12-31;"Okres Stropkov";14;22;36
2020-12-31;"Okres Svidník";24;51;75
2020-12-31;"Okres Šaľa";36;91;127
2020-12-31;"Okres Topoľčany";16;58;74
2020-12-31;"Okres Trebišov";84;199;283
2020-12-31;"Okres Trenčín";125;270;395
2020-12-31;"Okres Trnava";126;253;379
2020-12-31;"Okres Turčianske Teplice";1;6;7
2020-12-31;"Okres Tvrdošín";19;40;59
2020-12-31;"Okres Veľký Krtíš";16;39;55
2020-12-31;"Okres Vranov nad Topľou";62;125;187
2020-12-31;"Okres Zlaté Moravce";57;70;127
2020-12-31;"Okres Zvolen";57;114;171
2020-12-31;"Okres Žarnovica";14;84;98
2020-12-31;"Okres Žiar nad Hronom";23;64;87
2020-12-31;"Okres Žilina";34;59;93
2020-12-31;NA;141;403;544
2020-12-30;"Neznáme";1035;2027;3062
2020-12-30;"Okres Bánovce nad Bebravou";21;39;60
2020-12-30;"Okres Banská Bystrica";186;463;649
2020-12-30;"Okres Banská Štiavnica";5;17;22
2020-12-30;"Okres Bardejov";82;149;231
2020-12-30;"Okres Bratislava I";46;304;350
2020-12-30;"Okres Bratislava II";112;447;559
2020-12-30;"Okres Bratislava III";87;405;492
2020-12-30;"Okres Bratislava IV";100;467;567
2020-12-30;"Okres Bratislava V";102;399;501
2020-12-30;"Okres Brezno";45;99;144
2020-12-30;"Okres Bytča";59;50;109
2020-12-30;"Okres Čadca";18;72;90
2020-12-30;"Okres Detva";39;65;104
2020-12-30;"Okres Dolný Kubín";25;56;81
2020-12-30;"Okres Dunajská Streda";120;334;454
2020-12-30;"Okres Galanta";79;200;279
2020-12-30;"Okres Gelnica";14;52;66
2020-12-30;"Okres Hlohovec";39;96;135
2020-12-30;"Okres Humenné";54;91;145
2020-12-30;"Okres Ilava";116;272;388
2020-12-30;"Okres Kežmarok";34;224;258
2020-12-30;"Okres Komárno";33;91;124
2020-12-30;"Okres Košice - okolie";111;267;378
2020-12-30;"Okres Košice I";11;48;59
2020-12-30;"Okres Košice II";26;70;96
2020-12-30;"Okres Košice III";12;26;38
2020-12-30;"Okres Košice IV";13;29;42
2020-12-30;"Okres Krupina";18;56;74
2020-12-30;"Okres Kysucké Nové Mesto";34;57;91
2020-12-30;"Okres Levice";72;186;258
2020-12-30;"Okres Levoča";30;164;194
2020-12-30;"Okres Liptovský Mikuláš";113;146;259
2020-12-30;"Okres Lučenec";83;249;332
2020-12-30;"Okres Malacky";63;141;204
2020-12-30;"Okres Martin";250;272;522
2020-12-30;"Okres Medzilaborce";7;11;18
2020-12-30;"Okres Michalovce";64;129;193
2020-12-30;"Okres Myjava";56;118;174
2020-12-30;"Okres Námestovo";13;44;57
2020-12-30;"Okres Nitra";196;301;497
2020-12-30;"Okres Nové Mesto nad Váhom";80;139;219
2020-12-30;"Okres Nové Zámky";111;218;329
2020-12-30;"Okres Partizánske";33;43;76
2020-12-30;"Okres Pezinok";33;220;253
2020-12-30;"Okres Piešťany";81;125;206
2020-12-30;"Okres Poltár";20;32;52
2020-12-30;"Okres Poprad";99;215;314
2020-12-30;"Okres Považská Bystrica";152;252;404
2020-12-30;"Okres Prešov";149;515;664
2020-12-30;"Okres Prievidza";105;192;297
2020-12-30;"Okres Púchov";96;119;215
2020-12-30;"Okres Revúca";18;57;75
2020-12-30;"Okres Rimavská Sobota";86;147;233
2020-12-30;"Okres Rožňava";30;58;88
2020-12-30;"Okres Ružomberok";113;275;388
2020-12-30;"Okres Sabinov";43;82;125
2020-12-30;"Okres Senec";56;286;342
2020-12-30;"Okres Senica";53;101;154
2020-12-30;"Okres Skalica";25;62;87
2020-12-30;"Okres Snina";28;65;93
2020-12-30;"Okres Sobrance";14;48;62
2020-12-30;"Okres Spišská Nová Ves";40;119;159
2020-12-30;"Okres Stará Ľubovňa";65;160;225
2020-12-30;"Okres Stropkov";17;39;56
2020-12-30;"Okres Svidník";69;91;160
2020-12-30;"Okres Šaľa";39;63;102
2020-12-30;"Okres Topoľčany";187;135;322
2020-12-30;"Okres Trebišov";70;217;287
2020-12-30;"Okres Trenčín";176;303;479
2020-12-30;"Okres Trnava";151;455;606
2020-12-30;"Okres Turčianske Teplice";22;31;53
2020-12-30;"Okres Tvrdošín";12;17;29
2020-12-30;"Okres Veľký Krtíš";16;79;95
2020-12-30;"Okres Vranov nad Topľou";80;242;322
2020-12-30;"Okres Zlaté Moravce";46;78;124
2020-12-30;"Okres Zvolen";64;226;290
2020-12-30;"Okres Žarnovica";12;41;53
2020-12-30;"Okres Žiar nad Hronom";18;59;77
2020-12-30;"Okres Žilina";297;530;827
2020-12-30;"Zahraničie";0;1;1
2020-12-30;NA;197;482;679
2020-12-29;"Neznáme";543;1113;1656
2020-12-29;"Okres Bánovce nad Bebravou";39;96;135
2020-12-29;"Okres Banská Bystrica";51;242;293
2020-12-29;"Okres Banská Štiavnica";0;11;11
2020-12-29;"Okres Bardejov";44;140;184
2020-12-29;"Okres Bratislava I";16;135;151
2020-12-29;"Okres Bratislava II";34;220;254
2020-12-29;"Okres Bratislava III";29;150;179
2020-12-29;"Okres Bratislava IV";30;215;245
2020-12-29;"Okres Bratislava V";33;164;197
2020-12-29;"Okres Brezno";18;68;86
2020-12-29;"Okres Bytča";12;10;22
2020-12-29;"Okres Čadca";16;28;44
2020-12-29;"Okres Detva";13;45;58
2020-12-29;"Okres Dolný Kubín";13;38;51
2020-12-29;"Okres Dunajská Streda";22;77;99
2020-12-29;"Okres Galanta";105;116;221
2020-12-29;"Okres Gelnica";5;26;31
2020-12-29;"Okres Hlohovec";27;63;90
2020-12-29;"Okres Humenné";15;47;62
2020-12-29;"Okres Ilava";46;92;138
2020-12-29;"Okres Kežmarok";19;77;96
2020-12-29;"Okres Komárno";61;169;230
2020-12-29;"Okres Košice - okolie";58;161;219
2020-12-29;"Okres Košice I";15;40;55
2020-12-29;"Okres Košice II";15;63;78
2020-12-29;"Okres Košice III";5;12;17
2020-12-29;"Okres Košice IV";6;38;44
2020-12-29;"Okres Krupina";5;24;29
2020-12-29;"Okres Kysucké Nové Mesto";2;8;10
2020-12-29;"Okres Levice";23;89;112
2020-12-29;"Okres Levoča";18;20;38
2020-12-29;"Okres Liptovský Mikuláš";31;73;104
2020-12-29;"Okres Lučenec";43;44;87
2020-12-29;"Okres Malacky";27;82;109
2020-12-29;"Okres Martin";21;90;111
2020-12-29;"Okres Medzilaborce";5;10;15
2020-12-29;"Okres Michalovce";62;168;230
2020-12-29;"Okres Myjava";2;8;10
2020-12-29;"Okres Námestovo";15;40;55
2020-12-29;"Okres Nitra";116;215;331
2020-12-29;"Okres Nové Mesto nad Váhom";81;127;208
2020-12-29;"Okres Nové Zámky";85;146;231
2020-12-29;"Okres Partizánske";21;38;59
2020-12-29;"Okres Pezinok";16;64;80
2020-12-29;"Okres Piešťany";41;92;133
2020-12-29;"Okres Poltár";11;5;16
2020-12-29;"Okres Poprad";65;179;244
2020-12-29;"Okres Považská Bystrica";81;110;191
2020-12-29;"Okres Prešov";122;323;445
2020-12-29;"Okres Prievidza";76;182;258
2020-12-29;"Okres Púchov";42;43;85
2020-12-29;"Okres Revúca";19;68;87
2020-12-29;"Okres Rimavská Sobota";36;86;122
2020-12-29;"Okres Rožňava";25;76;101
2020-12-29;"Okres Ružomberok";30;53;83
2020-12-29;"Okres Sabinov";19;59;78
2020-12-29;"Okres Senec";39;130;169
2020-12-29;"Okres Senica";3;13;16
2020-12-29;"Okres Skalica";0;4;4
2020-12-29;"Okres Snina";0;8;8
2020-12-29;"Okres Sobrance";4;19;23
2020-12-29;"Okres Spišská Nová Ves";67;155;222
2020-12-29;"Okres Stará Ľubovňa";19;45;64
2020-12-29;"Okres Stropkov";24;55;79
2020-12-29;"Okres Svidník";39;77;116
2020-12-29;"Okres Šaľa";7;21;28
2020-12-29;"Okres Topoľčany";13;67;80
2020-12-29;"Okres Trebišov";55;190;245
2020-12-29;"Okres Trenčín";65;151;216
2020-12-29;"Okres Trnava";116;242;358
2020-12-29;"Okres Turčianske Teplice";2;4;6
2020-12-29;"Okres Tvrdošín";28;45;73
2020-12-29;"Okres Veľký Krtíš";5;9;14
2020-12-29;"Okres Vranov nad Topľou";61;128;189
2020-12-29;"Okres Zlaté Moravce";25;34;59
2020-12-29;"Okres Zvolen";37;156;193
2020-12-29;"Okres Žarnovica";3;19;22
2020-12-29;"Okres Žiar nad Hronom";12;33;45
2020-12-29;"Okres Žilina";41;101;142
2020-12-29;NA;106;329;435
2020-12-28;"Neznáme";181;561;742
2020-12-28;"Okres Bánovce nad Bebravou";13;65;78
2020-12-28;"Okres Banská Bystrica";42;136;178
2020-12-28;"Okres Banská Štiavnica";2;12;14
2020-12-28;"Okres Bardejov";17;77;94
2020-12-28;"Okres Bratislava I";27;176;203
2020-12-28;"Okres Bratislava II";53;280;333
2020-12-28;"Okres Bratislava III";25;182;207
2020-12-28;"Okres Bratislava IV";41;203;244
2020-12-28;"Okres Bratislava V";32;216;248
2020-12-28;"Okres Brezno";3;21;24
2020-12-28;"Okres Bytča";23;41;64
2020-12-28;"Okres Čadca";52;118;170
2020-12-28;"Okres Detva";10;55;65
2020-12-28;"Okres Dolný Kubín";5;22;27
2020-12-28;"Okres Dunajská Streda";23;76;99
2020-12-28;"Okres Galanta";28;68;96
2020-12-28;"Okres Gelnica";6;12;18
2020-12-28;"Okres Hlohovec";18;52;70
2020-12-28;"Okres Humenné";20;74;94
2020-12-28;"Okres Ilava";19;43;62
2020-12-28;"Okres Kežmarok";9;24;33
2020-12-28;"Okres Komárno";1;43;44
2020-12-28;"Okres Košice - okolie";81;182;263
2020-12-28;"Okres Košice I";31;39;70
2020-12-28;"Okres Košice II";21;42;63
2020-12-28;"Okres Košice III";6;16;22
2020-12-28;"Okres Košice IV";12;29;41
2020-12-28;"Okres Krupina";6;46;52
2020-12-28;"Okres Kysucké Nové Mesto";21;47;68
2020-12-28;"Okres Levice";11;16;27
2020-12-28;"Okres Levoča";11;32;43
2020-12-28;"Okres Liptovský Mikuláš";31;81;112
2020-12-28;"Okres Lučenec";31;96;127
2020-12-28;"Okres Malacky";21;85;106
2020-12-28;"Okres Martin";79;214;293
2020-12-28;"Okres Medzilaborce";3;5;8
2020-12-28;"Okres Michalovce";7;28;35
2020-12-28;"Okres Myjava";16;58;74
2020-12-28;"Okres Námestovo";3;17;20
2020-12-28;"Okres Nitra";13;32;45
2020-12-28;"Okres Nové Mesto nad Váhom";24;71;95
2020-12-28;"Okres Nové Zámky";34;92;126
2020-12-28;"Okres Partizánske";1;28;29
2020-12-28;"Okres Pezinok";12;93;105
2020-12-28;"Okres Piešťany";41;111;152
2020-12-28;"Okres Poltár";2;17;19
2020-12-28;"Okres Poprad";14;74;88
2020-12-28;"Okres Považská Bystrica";43;71;114
2020-12-28;"Okres Prešov";177;484;661
2020-12-28;"Okres Prievidza";11;64;75
2020-12-28;"Okres Púchov";19;29;48
2020-12-28;"Okres Revúca";4;8;12
2020-12-28;"Okres Rimavská Sobota";3;20;23
2020-12-28;"Okres Rožňava";6;9;15
2020-12-28;"Okres Ružomberok";29;84;113
2020-12-28;"Okres Sabinov";48;101;149
2020-12-28;"Okres Senec";23;144;167
2020-12-28;"Okres Senica";12;51;63
2020-12-28;"Okres Skalica";2;10;12
2020-12-28;"Okres Snina";10;35;45
2020-12-28;"Okres Sobrance";2;8;10
2020-12-28;"Okres Spišská Nová Ves";12;52;64
2020-12-28;"Okres Stará Ľubovňa";36;59;95
2020-12-28;"Okres Stropkov";5;15;20
2020-12-28;"Okres Svidník";37;69;106
2020-12-28;"Okres Šaľa";8;12;20
2020-12-28;"Okres Topoľčany";13;19;32
2020-12-28;"Okres Trebišov";58;131;189
2020-12-28;"Okres Trenčín";105;233;338
2020-12-28;"Okres Trnava";94;219;313
2020-12-28;"Okres Turčianske Teplice";9;22;31
2020-12-28;"Okres Tvrdošín";0;4;4
2020-12-28;"Okres Veľký Krtíš";2;19;21
2020-12-28;"Okres Vranov nad Topľou";9;48;57
2020-12-28;"Okres Zlaté Moravce";2;4;6
2020-12-28;"Okres Zvolen";35;243;278
2020-12-28;"Okres Žarnovica";3;14;17
2020-12-28;"Okres Žiar nad Hronom";9;44;53
2020-12-28;"Okres Žilina";110;277;387
2020-12-28;NA;118;384;502
2020-12-27;"Neznáme";45;113;158
2020-12-27;"Okres Bánovce nad Bebravou";1;2;3
2020-12-27;"Okres Banská Bystrica";23;109;132
2020-12-27;"Okres Banská Štiavnica";2;0;2
2020-12-27;"Okres Bardejov";9;36;45
2020-12-27;"Okres Bratislava I";6;68;74
2020-12-27;"Okres Bratislava II";28;110;138
2020-12-27;"Okres Bratislava III";18;69;87
2020-12-27;"Okres Bratislava IV";32;85;117
2020-12-27;"Okres Bratislava V";27;104;131
2020-12-27;"Okres Brezno";2;29;31
2020-12-27;"Okres Bytča";0;1;1
2020-12-27;"Okres Čadca";1;3;4
2020-12-27;"Okres Detva";4;6;10
2020-12-27;"Okres Dolný Kubín";2;21;23
2020-12-27;"Okres Dunajská Streda";1;19;20
2020-12-27;"Okres Galanta";5;11;16
2020-12-27;"Okres Gelnica";1;3;4
2020-12-27;"Okres Hlohovec";2;14;16
2020-12-27;"Okres Humenné";3;6;9
2020-12-27;"Okres Ilava";0;4;4
2020-12-27;"Okres Kežmarok";3;1;4
2020-12-27;"Okres Komárno";0;9;9
2020-12-27;"Okres Košice - okolie";22;64;86
2020-12-27;"Okres Košice I";6;8;14
2020-12-27;"Okres Košice II";5;26;31
2020-12-27;"Okres Košice III";3;5;8
2020-12-27;"Okres Košice IV";4;12;16
2020-12-27;"Okres Krupina";0;4;4
2020-12-27;"Okres Kysucké Nové Mesto";0;1;1
2020-12-27;"Okres Levice";2;13;15
2020-12-27;"Okres Levoča";1;2;3
2020-12-27;"Okres Liptovský Mikuláš";6;22;28
2020-12-27;"Okres Lučenec";3;3;6
2020-12-27;"Okres Malacky";14;32;46
2020-12-27;"Okres Martin";2;12;14
2020-12-27;"Okres Medzilaborce";0;4;4
2020-12-27;"Okres Michalovce";22;55;77
2020-12-27;"Okres Myjava";0;1;1
2020-12-27;"Okres Námestovo";1;18;19
2020-12-27;"Okres Nitra";4;16;20
2020-12-27;"Okres Nové Mesto nad Váhom";1;5;6
2020-12-27;"Okres Nové Zámky";20;27;47
2020-12-27;"Okres Partizánske";3;1;4
2020-12-27;"Okres Pezinok";7;38;45
2020-12-27;"Okres Piešťany";1;3;4
2020-12-27;"Okres Poltár";1;2;3
2020-12-27;"Okres Poprad";2;15;17
2020-12-27;"Okres Prešov";11;38;49
2020-12-27;"Okres Prievidza";2;4;6
2020-12-27;"Okres Púchov";1;0;1
2020-12-27;"Okres Revúca";6;5;11
2020-12-27;"Okres Rimavská Sobota";70;71;141
2020-12-27;"Okres Rožňava";25;31;56
2020-12-27;"Okres Ružomberok";30;45;75
2020-12-27;"Okres Sabinov";7;11;18
2020-12-27;"Okres Senec";13;65;78
2020-12-27;"Okres Senica";1;3;4
2020-12-27;"Okres Skalica";0;1;1
2020-12-27;"Okres Snina";1;7;8
2020-12-27;"Okres Sobrance";2;2;4
2020-12-27;"Okres Spišská Nová Ves";4;9;13
2020-12-27;"Okres Stará Ľubovňa";0;2;2
2020-12-27;"Okres Stropkov";0;4;4
2020-12-27;"Okres Svidník";1;3;4
2020-12-27;"Okres Šaľa";0;8;8
2020-12-27;"Okres Topoľčany";2;3;5
2020-12-27;"Okres Trebišov";14;49;63
2020-12-27;"Okres Trenčín";2;8;10
2020-12-27;"Okres Trnava";19;64;83
2020-12-27;"Okres Tvrdošín";2;14;16
2020-12-27;"Okres Veľký Krtíš";0;1;1
2020-12-27;"Okres Vranov nad Topľou";8;21;29
2020-12-27;"Okres Zlaté Moravce";1;2;3
2020-12-27;"Okres Zvolen";6;38;44
2020-12-27;"Okres Žarnovica";2;5;7
2020-12-27;"Okres Žiar nad Hronom";8;20;28
2020-12-27;"Okres Žilina";0;7;7
2020-12-27;"Zahraničie";0;1;1
2020-12-27;NA;48;155;203
2020-12-26;"Neznáme";141;326;467
2020-12-26;"Okres Bánovce nad Bebravou";11;18;29
2020-12-26;"Okres Banská Bystrica";26;62;88
2020-12-26;"Okres Banská Štiavnica";0;2;2
2020-12-26;"Okres Bardejov";4;8;12
2020-12-26;"Okres Bratislava I";3;54;57
2020-12-26;"Okres Bratislava II";9;68;77
2020-12-26;"Okres Bratislava III";3;42;45
2020-12-26;"Okres Bratislava IV";8;38;46
2020-12-26;"Okres Bratislava V";7;62;69
2020-12-26;"Okres Brezno";6;14;20
2020-12-26;"Okres Bytča";13;15;28
2020-12-26;"Okres Čadca";5;12;17
2020-12-26;"Okres Detva";3;26;29
2020-12-26;"Okres Dolný Kubín";0;2;2
2020-12-26;"Okres Dunajská Streda";42;157;199
2020-12-26;"Okres Galanta";16;28;44
2020-12-26;"Okres Gelnica";2;13;15
2020-12-26;"Okres Hlohovec";6;12;18
2020-12-26;"Okres Humenné";9;28;37
2020-12-26;"Okres Ilava";36;48;84
2020-12-26;"Okres Kežmarok";2;15;17
2020-12-26;"Okres Komárno";9;20;29
2020-12-26;"Okres Košice - okolie";32;118;150
2020-12-26;"Okres Košice I";13;20;33
2020-12-26;"Okres Košice II";12;43;55
2020-12-26;"Okres Košice III";2;5;7
2020-12-26;"Okres Košice IV";2;20;22
2020-12-26;"Okres Krupina";1;14;15
2020-12-26;"Okres Kysucké Nové Mesto";8;13;21
2020-12-26;"Okres Levice";13;38;51
2020-12-26;"Okres Levoča";3;23;26
2020-12-26;"Okres Liptovský Mikuláš";0;2;2
2020-12-26;"Okres Lučenec";0;8;8
2020-12-26;"Okres Malacky";11;22;33
2020-12-26;"Okres Martin";5;17;22
2020-12-26;"Okres Medzilaborce";2;4;6
2020-12-26;"Okres Michalovce";21;70;91
2020-12-26;"Okres Myjava";3;11;14
2020-12-26;"Okres Námestovo";0;2;2
2020-12-26;"Okres Nitra";16;39;55
2020-12-26;"Okres Nové Mesto nad Váhom";13;48;61
2020-12-26;"Okres Nové Zámky";3;13;16
2020-12-26;"Okres Partizánske";0;6;6
2020-12-26;"Okres Pezinok";9;19;28
2020-12-26;"Okres Piešťany";3;14;17
2020-12-26;"Okres Poprad";9;47;56
2020-12-26;"Okres Považská Bystrica";5;9;14
2020-12-26;"Okres Prešov";16;21;37
2020-12-26;"Okres Prievidza";28;75;103
2020-12-26;"Okres Púchov";8;10;18
2020-12-26;"Okres Revúca";1;4;5
2020-12-26;"Okres Rimavská Sobota";7;11;18
2020-12-26;"Okres Rožňava";1;3;4
2020-12-26;"Okres Ružomberok";1;3;4
2020-12-26;"Okres Sabinov";2;11;13
2020-12-26;"Okres Senec";17;38;55
2020-12-26;"Okres Senica";6;20;26
2020-12-26;"Okres Skalica";10;10;20
2020-12-26;"Okres Snina";1;6;7
2020-12-26;"Okres Sobrance";2;14;16
2020-12-26;"Okres Spišská Nová Ves";5;23;28
2020-12-26;"Okres Stará Ľubovňa";2;7;9
2020-12-26;"Okres Stropkov";0;5;5
2020-12-26;"Okres Svidník";3;8;11
2020-12-26;"Okres Šaľa";8;27;35
2020-12-26;"Okres Topoľčany";1;1;2
2020-12-26;"Okres Trebišov";11;31;42
2020-12-26;"Okres Trenčín";68;194;262
2020-12-26;"Okres Trnava";15;66;81
2020-12-26;"Okres Tvrdošín";1;3;4
2020-12-26;"Okres Veľký Krtíš";0;7;7
2020-12-26;"Okres Vranov nad Topľou";19;25;44
2020-12-26;"Okres Zlaté Moravce";0;2;2
2020-12-26;"Okres Zvolen";12;61;73
2020-12-26;"Okres Žarnovica";1;3;4
2020-12-26;"Okres Žiar nad Hronom";5;5;10
2020-12-26;"Okres Žilina";76;97;173
2020-12-26;NA;53;137;190
2020-12-25;"Neznáme";61;189;250
2020-12-25;"Okres Bánovce nad Bebravou";7;30;37
2020-12-25;"Okres Banská Bystrica";18;49;67
2020-12-25;"Okres Banská Štiavnica";0;8;8
2020-12-25;"Okres Bardejov";18;84;102
2020-12-25;"Okres Bratislava I";5;32;37
2020-12-25;"Okres Bratislava II";13;52;65
2020-12-25;"Okres Bratislava III";6;28;34
2020-12-25;"Okres Bratislava IV";8;42;50
2020-12-25;"Okres Bratislava V";9;46;55
2020-12-25;"Okres Brezno";9;10;19
2020-12-25;"Okres Bytča";0;1;1
2020-12-25;"Okres Čadca";5;6;11
2020-12-25;"Okres Detva";2;1;3
2020-12-25;"Okres Dolný Kubín";3;4;7
2020-12-25;"Okres Dunajská Streda";30;91;121
2020-12-25;"Okres Galanta";16;61;77
2020-12-25;"Okres Gelnica";5;23;28
2020-12-25;"Okres Hlohovec";1;3;4
2020-12-25;"Okres Humenné";17;50;67
2020-12-25;"Okres Ilava";60;99;159
2020-12-25;"Okres Kežmarok";1;10;11
2020-12-25;"Okres Komárno";1;4;5
2020-12-25;"Okres Košice - okolie";36;128;164
2020-12-25;"Okres Košice I";11;36;47
2020-12-25;"Okres Košice II";14;44;58
2020-12-25;"Okres Košice III";5;15;20
2020-12-25;"Okres Košice IV";11;22;33
2020-12-25;"Okres Krupina";0;1;1
2020-12-25;"Okres Kysucké Nové Mesto";1;2;3
2020-12-25;"Okres Levice";1;2;3
2020-12-25;"Okres Levoča";8;11;19
2020-12-25;"Okres Liptovský Mikuláš";29;136;165
2020-12-25;"Okres Lučenec";1;9;10
2020-12-25;"Okres Malacky";6;29;35
2020-12-25;"Okres Martin";1;10;11
2020-12-25;"Okres Medzilaborce";2;5;7
2020-12-25;"Okres Michalovce";24;74;98
2020-12-25;"Okres Myjava";9;10;19
2020-12-25;"Okres Námestovo";1;5;6
2020-12-25;"Okres Nitra";21;42;63
2020-12-25;"Okres Nové Mesto nad Váhom";27;36;63
2020-12-25;"Okres Nové Zámky";3;14;17
2020-12-25;"Okres Partizánske";7;13;20
2020-12-25;"Okres Pezinok";5;30;35
2020-12-25;"Okres Piešťany";11;15;26
2020-12-25;"Okres Poprad";5;18;23
2020-12-25;"Okres Považská Bystrica";16;23;39
2020-12-25;"Okres Prešov";79;240;319
2020-12-25;"Okres Prievidza";15;43;58
2020-12-25;"Okres Púchov";17;26;43
2020-12-25;"Okres Revúca";2;3;5
2020-12-25;"Okres Rimavská Sobota";17;20;37
2020-12-25;"Okres Rožňava";4;28;32
2020-12-25;"Okres Ružomberok";24;43;67
2020-12-25;"Okres Sabinov";13;59;72
2020-12-25;"Okres Senec";20;37;57
2020-12-25;"Okres Senica";0;4;4
2020-12-25;"Okres Skalica";1;0;1
2020-12-25;"Okres Snina";1;5;6
2020-12-25;"Okres Sobrance";2;13;15
2020-12-25;"Okres Spišská Nová Ves";45;90;135
2020-12-25;"Okres Stará Ľubovňa";1;8;9
2020-12-25;"Okres Stropkov";2;18;20
2020-12-25;"Okres Svidník";30;89;119
2020-12-25;"Okres Šaľa";1;13;14
2020-12-25;"Okres Topoľčany";8;30;38
2020-12-25;"Okres Trebišov";26;125;151
2020-12-25;"Okres Trenčín";91;203;294
2020-12-25;"Okres Trnava";11;21;32
2020-12-25;"Okres Turčianske Teplice";0;1;1
2020-12-25;"Okres Tvrdošín";1;0;1
2020-12-25;"Okres Veľký Krtíš";1;2;3
2020-12-25;"Okres Vranov nad Topľou";45;106;151
2020-12-25;"Okres Zlaté Moravce";0;4;4
2020-12-25;"Okres Zvolen";10;17;27
2020-12-25;"Okres Žarnovica";3;5;8
2020-12-25;"Okres Žiar nad Hronom";10;37;47
2020-12-25;"Okres Žilina";3;3;6
2020-12-25;NA;61;209;270
2020-12-24;"Neznáme";354;1239;1593
2020-12-24;"Okres Bánovce nad Bebravou";25;69;94
2020-12-24;"Okres Banská Bystrica";146;435;581
2020-12-24;"Okres Banská Štiavnica";4;18;22
2020-12-24;"Okres Bardejov";62;169;231
2020-12-24;"Okres Bratislava I";30;406;436
2020-12-24;"Okres Bratislava II";93;617;710
2020-12-24;"Okres Bratislava III";57;434;491
2020-12-24;"Okres Bratislava IV";74;527;601
2020-12-24;"Okres Bratislava V";90;495;585
2020-12-24;"Okres Brezno";27;51;78
2020-12-24;"Okres Bytča";41;67;108
2020-12-24;"Okres Čadca";86;192;278
2020-12-24;"Okres Detva";10;46;56
2020-12-24;"Okres Dolný Kubín";8;84;92
2020-12-24;"Okres Dunajská Streda";36;195;231
2020-12-24;"Okres Galanta";34;92;126
2020-12-24;"Okres Gelnica";19;61;80
2020-12-24;"Okres Hlohovec";36;88;124
2020-12-24;"Okres Humenné";23;36;59
2020-12-24;"Okres Ilava";52;106;158
2020-12-24;"Okres Kežmarok";29;132;161
2020-12-24;"Okres Komárno";32;106;138
2020-12-24;"Okres Košice - okolie";72;209;281
2020-12-24;"Okres Košice I";12;57;69
2020-12-24;"Okres Košice II";18;70;88
2020-12-24;"Okres Košice III";8;20;28
2020-12-24;"Okres Košice IV";6;28;34
2020-12-24;"Okres Krupina";9;43;52
2020-12-24;"Okres Kysucké Nové Mesto";43;71;114
2020-12-24;"Okres Levice";42;124;166
2020-12-24;"Okres Levoča";28;108;136
2020-12-24;"Okres Liptovský Mikuláš";14;53;67
2020-12-24;"Okres Lučenec";24;100;124
2020-12-24;"Okres Malacky";42;223;265
2020-12-24;"Okres Martin";55;165;220
2020-12-24;"Okres Medzilaborce";6;17;23
2020-12-24;"Okres Michalovce";46;179;225
2020-12-24;"Okres Myjava";5;33;38
2020-12-24;"Okres Námestovo";4;20;24
2020-12-24;"Okres Nitra";192;372;564
2020-12-24;"Okres Nové Mesto nad Váhom";64;202;266
2020-12-24;"Okres Nové Zámky";118;296;414
2020-12-24;"Okres Partizánske";16;62;78
2020-12-24;"Okres Pezinok";53;222;275
2020-12-24;"Okres Piešťany";42;162;204
2020-12-24;"Okres Poltár";3;15;18
2020-12-24;"Okres Poprad";72;250;322
2020-12-24;"Okres Považská Bystrica";158;287;445
2020-12-24;"Okres Prešov";49;213;262
2020-12-24;"Okres Prievidza";54;150;204
2020-12-24;"Okres Púchov";79;120;199
2020-12-24;"Okres Revúca";24;57;81
2020-12-24;"Okres Rimavská Sobota";105;194;299
2020-12-24;"Okres Rožňava";42;176;218
2020-12-24;"Okres Ružomberok";70;137;207
2020-12-24;"Okres Sabinov";12;52;64
2020-12-24;"Okres Senec";62;383;445
2020-12-24;"Okres Senica";21;61;82
2020-12-24;"Okres Skalica";10;23;33
2020-12-24;"Okres Snina";12;35;47
2020-12-24;"Okres Sobrance";3;33;36
2020-12-24;"Okres Spišská Nová Ves";145;338;483
2020-12-24;"Okres Stará Ľubovňa";39;150;189
2020-12-24;"Okres Stropkov";17;41;58
2020-12-24;"Okres Svidník";48;102;150
2020-12-24;"Okres Šaľa";22;74;96
2020-12-24;"Okres Topoľčany";38;124;162
2020-12-24;"Okres Trebišov";87;241;328
2020-12-24;"Okres Trenčín";93;308;401
2020-12-24;"Okres Trnava";88;468;556
2020-12-24;"Okres Turčianske Teplice";6;13;19
2020-12-24;"Okres Tvrdošín";3;11;14
2020-12-24;"Okres Veľký Krtíš";20;97;117
2020-12-24;"Okres Vranov nad Topľou";57;151;208
2020-12-24;"Okres Zlaté Moravce";46;45;91
2020-12-24;"Okres Zvolen";62;225;287
2020-12-24;"Okres Žarnovica";17;22;39
2020-12-24;"Okres Žiar nad Hronom";18;58;76
2020-12-24;"Okres Žilina";233;475;708
2020-12-24;NA;103;608;711
2020-12-23;"Neznáme";301;1326;1627
2020-12-23;"Okres Bánovce nad Bebravou";19;48;67
2020-12-23;"Okres Banská Bystrica";75;215;290
2020-12-23;"Okres Banská Štiavnica";1;11;12
2020-12-23;"Okres Bardejov";27;91;118
2020-12-23;"Okres Bratislava I";35;472;507
2020-12-23;"Okres Bratislava II";49;662;711
2020-12-23;"Okres Bratislava III";65;442;507
2020-12-23;"Okres Bratislava IV";62;558;620
2020-12-23;"Okres Bratislava V";66;495;561
2020-12-23;"Okres Brezno";48;73;121
2020-12-23;"Okres Bytča";0;13;13
2020-12-23;"Okres Čadca";114;193;307
2020-12-23;"Okres Detva";20;45;65
2020-12-23;"Okres Dolný Kubín";13;51;64
2020-12-23;"Okres Dunajská Streda";89;339;428
2020-12-23;"Okres Galanta";27;108;135
2020-12-23;"Okres Gelnica";6;23;29
2020-12-23;"Okres Hlohovec";19;63;82
2020-12-23;"Okres Humenné";14;55;69
2020-12-23;"Okres Ilava";60;125;185
2020-12-23;"Okres Kežmarok";18;90;108
2020-12-23;"Okres Komárno";36;151;187
2020-12-23;"Okres Košice - okolie";26;110;136
2020-12-23;"Okres Košice I";4;12;16
2020-12-23;"Okres Košice II";4;14;18
2020-12-23;"Okres Košice III";1;4;5
2020-12-23;"Okres Košice IV";1;9;10
2020-12-23;"Okres Krupina";11;58;69
2020-12-23;"Okres Kysucké Nové Mesto";7;17;24
2020-12-23;"Okres Levice";43;203;246
2020-12-23;"Okres Levoča";20;79;99
2020-12-23;"Okres Liptovský Mikuláš";26;55;81
2020-12-23;"Okres Lučenec";47;128;175
2020-12-23;"Okres Malacky";29;151;180
2020-12-23;"Okres Martin";8;34;42
2020-12-23;"Okres Medzilaborce";18;35;53
2020-12-23;"Okres Michalovce";27;121;148
2020-12-23;"Okres Myjava";6;14;20
2020-12-23;"Okres Námestovo";5;77;82
2020-12-23;"Okres Nitra";129;281;410
2020-12-23;"Okres Nové Mesto nad Váhom";25;84;109
2020-12-23;"Okres Nové Zámky";28;79;107
2020-12-23;"Okres Partizánske";11;40;51
2020-12-23;"Okres Pezinok";18;157;175
2020-12-23;"Okres Piešťany";15;103;118
2020-12-23;"Okres Poltár";5;15;20
2020-12-23;"Okres Poprad";67;251;318
2020-12-23;"Okres Považská Bystrica";10;60;70
2020-12-23;"Okres Prešov";38;344;382
2020-12-23;"Okres Prievidza";55;118;173
2020-12-23;"Okres Púchov";18;58;76
2020-12-23;"Okres Revúca";14;29;43
2020-12-23;"Okres Rimavská Sobota";28;73;101
2020-12-23;"Okres Rožňava";5;36;41
2020-12-23;"Okres Ružomberok";16;37;53
2020-12-23;"Okres Sabinov";10;45;55
2020-12-23;"Okres Senec";33;264;297
2020-12-23;"Okres Senica";34;45;79
2020-12-23;"Okres Skalica";0;13;13
2020-12-23;"Okres Snina";11;41;52
2020-12-23;"Okres Sobrance";1;13;14
2020-12-23;"Okres Spišská Nová Ves";44;95;139
2020-12-23;"Okres Stará Ľubovňa";39;138;177
2020-12-23;"Okres Stropkov";18;39;57
2020-12-23;"Okres Svidník";64;181;245
2020-12-23;"Okres Šaľa";9;55;64
2020-12-23;"Okres Topoľčany";17;56;73
2020-12-23;"Okres Trebišov";116;287;403
2020-12-23;"Okres Trenčín";196;410;606
2020-12-23;"Okres Trnava";24;161;185
2020-12-23;"Okres Turčianske Teplice";1;4;5
2020-12-23;"Okres Tvrdošín";19;68;87
2020-12-23;"Okres Veľký Krtíš";31;108;139
2020-12-23;"Okres Vranov nad Topľou";22;67;89
2020-12-23;"Okres Zlaté Moravce";31;59;90
2020-12-23;"Okres Zvolen";39;207;246
2020-12-23;"Okres Žarnovica";1;25;26
2020-12-23;"Okres Žiar nad Hronom";19;46;65
2020-12-23;"Okres Žilina";9;70;79
2020-12-23;"Zahraničie";0;1;1
2020-12-23;NA;66;422;488
2020-12-22;"Neznáme";802;2241;3043
2020-12-22;"Okres Bánovce nad Bebravou";40;84;124
2020-12-22;"Okres Banská Bystrica";89;413;502
2020-12-22;"Okres Banská Štiavnica";6;32;38
2020-12-22;"Okres Bardejov";13;88;101
2020-12-22;"Okres Bratislava I";26;436;462
2020-12-22;"Okres Bratislava II";47;612;659
2020-12-22;"Okres Bratislava III";49;410;459
2020-12-22;"Okres Bratislava IV";50;556;606
2020-12-22;"Okres Bratislava V";50;494;544
2020-12-22;"Okres Brezno";30;88;118
2020-12-22;"Okres Bytča";18;42;60
2020-12-22;"Okres Čadca";8;34;42
2020-12-22;"Okres Detva";13;49;62
2020-12-22;"Okres Dolný Kubín";29;62;91
2020-12-22;"Okres Dunajská Streda";29;131;160
2020-12-22;"Okres Galanta";19;147;166
2020-12-22;"Okres Gelnica";12;28;40
2020-12-22;"Okres Hlohovec";29;85;114
2020-12-22;"Okres Humenné";21;91;112
2020-12-22;"Okres Ilava";73;129;202
2020-12-22;"Okres Kežmarok";33;88;121
2020-12-22;"Okres Komárno";43;118;161
2020-12-22;"Okres Košice - okolie";84;251;335
2020-12-22;"Okres Košice I";15;60;75
2020-12-22;"Okres Košice II";21;77;98
2020-12-22;"Okres Košice III";10;19;29
2020-12-22;"Okres Košice IV";14;37;51
2020-12-22;"Okres Krupina";6;51;57
2020-12-22;"Okres Kysucké Nové Mesto";14;28;42
2020-12-22;"Okres Levice";27;144;171
2020-12-22;"Okres Levoča";19;53;72
2020-12-22;"Okres Liptovský Mikuláš";171;232;403
2020-12-22;"Okres Lučenec";47;155;202
2020-12-22;"Okres Malacky";24;135;159
2020-12-22;"Okres Martin";94;326;420
2020-12-22;"Okres Medzilaborce";1;8;9
2020-12-22;"Okres Michalovce";39;89;128
2020-12-22;"Okres Myjava";22;81;103
2020-12-22;"Okres Námestovo";2;14;16
2020-12-22;"Okres Nitra";77;234;311
2020-12-22;"Okres Nové Mesto nad Váhom";114;304;418
2020-12-22;"Okres Nové Zámky";53;138;191
2020-12-22;"Okres Partizánske";11;29;40
2020-12-22;"Okres Pezinok";18;149;167
2020-12-22;"Okres Piešťany";37;171;208
2020-12-22;"Okres Poltár";14;33;47
2020-12-22;"Okres Poprad";84;223;307
2020-12-22;"Okres Považská Bystrica";131;301;432
2020-12-22;"Okres Prešov";161;492;653
2020-12-22;"Okres Prievidza";90;200;290
2020-12-22;"Okres Púchov";87;120;207
2020-12-22;"Okres Revúca";7;59;66
2020-12-22;"Okres Rimavská Sobota";12;55;67
2020-12-22;"Okres Rožňava";12;46;58
2020-12-22;"Okres Ružomberok";50;110;160
2020-12-22;"Okres Sabinov";21;61;82
2020-12-22;"Okres Senec";24;225;249
2020-12-22;"Okres Senica";22;71;93
2020-12-22;"Okres Skalica";11;59;70
2020-12-22;"Okres Snina";4;16;20
2020-12-22;"Okres Sobrance";8;14;22
2020-12-22;"Okres Spišská Nová Ves";77;265;342
2020-12-22;"Okres Stará Ľubovňa";4;15;19
2020-12-22;"Okres Stropkov";8;33;41
2020-12-22;"Okres Svidník";34;73;107
2020-12-22;"Okres Šaľa";19;68;87
2020-12-22;"Okres Topoľčany";7;54;61
2020-12-22;"Okres Trebišov";38;123;161
2020-12-22;"Okres Trenčín";84;339;423
2020-12-22;"Okres Trnava";78;437;515
2020-12-22;"Okres Turčianske Teplice";4;33;37
2020-12-22;"Okres Tvrdošín";0;7;7
2020-12-22;"Okres Veľký Krtíš";10;36;46
2020-12-22;"Okres Vranov nad Topľou";41;156;197
2020-12-22;"Okres Zlaté Moravce";8;22;30
2020-12-22;"Okres Zvolen";62;234;296
2020-12-22;"Okres Žarnovica";4;26;30
2020-12-22;"Okres Žiar nad Hronom";24;70;94
2020-12-22;"Okres Žilina";79;316;395
2020-12-22;NA;113;628;741
2020-12-21;"Neznáme";187;876;1063
2020-12-21;"Okres Bánovce nad Bebravou";15;50;65
2020-12-21;"Okres Banská Bystrica";60;211;271
2020-12-21;"Okres Banská Štiavnica";1;23;24
2020-12-21;"Okres Bardejov";15;76;91
2020-12-21;"Okres Bratislava I";26;291;317
2020-12-21;"Okres Bratislava II";56;575;631
2020-12-21;"Okres Bratislava III";56;371;427
2020-12-21;"Okres Bratislava IV";69;423;492
2020-12-21;"Okres Bratislava V";83;445;528
2020-12-21;"Okres Brezno";12;30;42
2020-12-21;"Okres Bytča";21;39;60
2020-12-21;"Okres Čadca";63;125;188
2020-12-21;"Okres Detva";6;58;64
2020-12-21;"Okres Dolný Kubín";16;28;44
2020-12-21;"Okres Dunajská Streda";17;87;104
2020-12-21;"Okres Galanta";23;84;107
2020-12-21;"Okres Gelnica";16;29;45
2020-12-21;"Okres Hlohovec";36;122;158
2020-12-21;"Okres Humenné";34;46;80
2020-12-21;"Okres Ilava";25;57;82
2020-12-21;"Okres Kežmarok";11;22;33
2020-12-21;"Okres Komárno";8;55;63
2020-12-21;"Okres Košice - okolie";77;267;344
2020-12-21;"Okres Košice I";14;63;77
2020-12-21;"Okres Košice II";17;63;80
2020-12-21;"Okres Košice III";8;16;24
2020-12-21;"Okres Košice IV";1;35;36
2020-12-21;"Okres Krupina";8;50;58
2020-12-21;"Okres Kysucké Nové Mesto";41;47;88
2020-12-21;"Okres Levice";7;45;52
2020-12-21;"Okres Levoča";13;22;35
2020-12-21;"Okres Liptovský Mikuláš";19;46;65
2020-12-21;"Okres Lučenec";75;123;198
2020-12-21;"Okres Malacky";27;139;166
2020-12-21;"Okres Martin";95;287;382
2020-12-21;"Okres Medzilaborce";7;7;14
2020-12-21;"Okres Michalovce";35;131;166
2020-12-21;"Okres Myjava";41;92;133
2020-12-21;"Okres Námestovo";15;26;41
2020-12-21;"Okres Nitra";32;131;163
2020-12-21;"Okres Nové Mesto nad Váhom";26;101;127
2020-12-21;"Okres Nové Zámky";49;118;167
2020-12-21;"Okres Partizánske";7;16;23
2020-12-21;"Okres Pezinok";19;155;174
2020-12-21;"Okres Piešťany";46;127;173
2020-12-21;"Okres Poltár";5;17;22
2020-12-21;"Okres Poprad";25;90;115
2020-12-21;"Okres Považská Bystrica";13;40;53
2020-12-21;"Okres Prešov";173;552;725
2020-12-21;"Okres Prievidza";42;106;148
2020-12-21;"Okres Púchov";6;13;19
2020-12-21;"Okres Revúca";52;32;84
2020-12-21;"Okres Rimavská Sobota";30;24;54
2020-12-21;"Okres Rožňava";6;20;26
2020-12-21;"Okres Ružomberok";36;90;126
2020-12-21;"Okres Sabinov";36;129;165
2020-12-21;"Okres Senec";55;248;303
2020-12-21;"Okres Senica";23;59;82
2020-12-21;"Okres Skalica";11;37;48
2020-12-21;"Okres Snina";7;48;55
2020-12-21;"Okres Sobrance";7;21;28
2020-12-21;"Okres Spišská Nová Ves";68;138;206
2020-12-21;"Okres Stará Ľubovňa";40;124;164
2020-12-21;"Okres Stropkov";16;40;56
2020-12-21;"Okres Svidník";37;86;123
2020-12-21;"Okres Šaľa";9;32;41
2020-12-21;"Okres Topoľčany";19;51;70
2020-12-21;"Okres Trebišov";76;185;261
2020-12-21;"Okres Trenčín";69;312;381
2020-12-21;"Okres Trnava";123;364;487
2020-12-21;"Okres Turčianske Teplice";7;18;25
2020-12-21;"Okres Tvrdošín";20;46;66
2020-12-21;"Okres Veľký Krtíš";13;21;34
2020-12-21;"Okres Vranov nad Topľou";40;124;164
2020-12-21;"Okres Zlaté Moravce";8;11;19
2020-12-21;"Okres Zvolen";43;222;265
2020-12-21;"Okres Žarnovica";1;30;31
2020-12-21;"Okres Žiar nad Hronom";11;53;64
2020-12-21;"Okres Žilina";85;297;382
2020-12-21;"Zahraničie";0;1;1
2020-12-21;NA;98;533;631
2020-12-20;"Neznáme";62;184;246
2020-12-20;"Okres Bánovce nad Bebravou";12;34;46
2020-12-20;"Okres Banská Bystrica";66;177;243
2020-12-20;"Okres Banská Štiavnica";2;2;4
2020-12-20;"Okres Bardejov";36;120;156
2020-12-20;"Okres Bratislava I";10;142;152
2020-12-20;"Okres Bratislava II";21;277;298
2020-12-20;"Okres Bratislava III";20;226;246
2020-12-20;"Okres Bratislava IV";33;253;286
2020-12-20;"Okres Bratislava V";42;240;282
2020-12-20;"Okres Brezno";15;40;55
2020-12-20;"Okres Bytča";1;4;5
2020-12-20;"Okres Čadca";3;20;23
2020-12-20;"Okres Detva";4;15;19
2020-12-20;"Okres Dolný Kubín";1;6;7
2020-12-20;"Okres Dunajská Streda";39;137;176
2020-12-20;"Okres Galanta";26;121;147
2020-12-20;"Okres Gelnica";1;8;9
2020-12-20;"Okres Hlohovec";8;30;38
2020-12-20;"Okres Humenné";18;28;46
2020-12-20;"Okres Ilava";26;42;68
2020-12-20;"Okres Kežmarok";8;64;72
2020-12-20;"Okres Komárno";5;15;20
2020-12-20;"Okres Košice - okolie";41;103;144
2020-12-20;"Okres Košice I";8;27;35
2020-12-20;"Okres Košice II";11;58;69
2020-12-20;"Okres Košice III";4;14;18
2020-12-20;"Okres Košice IV";12;25;37
2020-12-20;"Okres Krupina";3;6;9
2020-12-20;"Okres Kysucké Nové Mesto";0;2;2
2020-12-20;"Okres Levice";3;15;18
2020-12-20;"Okres Levoča";4;13;17
2020-12-20;"Okres Liptovský Mikuláš";4;24;28
2020-12-20;"Okres Lučenec";4;4;8
2020-12-20;"Okres Malacky";20;48;68
2020-12-20;"Okres Martin";8;51;59
2020-12-20;"Okres Medzilaborce";2;9;11
2020-12-20;"Okres Michalovce";28;90;118
2020-12-20;"Okres Myjava";2;7;9
2020-12-20;"Okres Námestovo";0;10;10
2020-12-20;"Okres Nitra";26;64;90
2020-12-20;"Okres Nové Mesto nad Váhom";59;132;191
2020-12-20;"Okres Nové Zámky";12;50;62
2020-12-20;"Okres Partizánske";6;12;18
2020-12-20;"Okres Pezinok";11;110;121
2020-12-20;"Okres Piešťany";9;37;46
2020-12-20;"Okres Poltár";0;3;3
2020-12-20;"Okres Poprad";14;92;106
2020-12-20;"Okres Považská Bystrica";0;9;9
2020-12-20;"Okres Prešov";8;46;54
2020-12-20;"Okres Prievidza";18;63;81
2020-12-20;"Okres Púchov";0;8;8
2020-12-20;"Okres Revúca";2;5;7
2020-12-20;"Okres Rimavská Sobota";47;66;113
2020-12-20;"Okres Rožňava";5;21;26
2020-12-20;"Okres Ružomberok";13;34;47
2020-12-20;"Okres Sabinov";3;15;18
2020-12-20;"Okres Senec";26;169;195
2020-12-20;"Okres Senica";2;14;16
2020-12-20;"Okres Skalica";0;2;2
2020-12-20;"Okres Snina";2;5;7
2020-12-20;"Okres Sobrance";6;14;20
2020-12-20;"Okres Spišská Nová Ves";0;27;27
2020-12-20;"Okres Stará Ľubovňa";13;78;91
2020-12-20;"Okres Stropkov";11;20;31
2020-12-20;"Okres Svidník";38;78;116
2020-12-20;"Okres Šaľa";12;58;70
2020-12-20;"Okres Topoľčany";7;50;57
2020-12-20;"Okres Trebišov";51;93;144
2020-12-20;"Okres Trenčín";118;261;379
2020-12-20;"Okres Trnava";54;184;238
2020-12-20;"Okres Turčianske Teplice";1;4;5
2020-12-20;"Okres Tvrdošín";0;5;5
2020-12-20;"Okres Veľký Krtíš";1;4;5
2020-12-20;"Okres Vranov nad Topľou";35;126;161
2020-12-20;"Okres Zlaté Moravce";5;5;10
2020-12-20;"Okres Zvolen";28;60;88
2020-12-20;"Okres Žarnovica";1;4;5
2020-12-20;"Okres Žiar nad Hronom";9;16;25
2020-12-20;"Okres Žilina";1;65;66
2020-12-20;NA;50;174;224
2020-12-19;"Neznáme";212;636;848
2020-12-19;"Okres Bánovce nad Bebravou";20;66;86
2020-12-19;"Okres Banská Bystrica";42;180;222
2020-12-19;"Okres Banská Štiavnica";1;9;10
2020-12-19;"Okres Bardejov";40;129;169
2020-12-19;"Okres Bratislava I";28;257;285
2020-12-19;"Okres Bratislava II";45;403;448
2020-12-19;"Okres Bratislava III";47;317;364
2020-12-19;"Okres Bratislava IV";54;333;387
2020-12-19;"Okres Bratislava V";61;353;414
2020-12-19;"Okres Brezno";20;53;73
2020-12-19;"Okres Bytča";10;23;33
2020-12-19;"Okres Čadca";37;65;102
2020-12-19;"Okres Detva";11;24;35
2020-12-19;"Okres Dolný Kubín";2;16;18
2020-12-19;"Okres Dunajská Streda";28;156;184
2020-12-19;"Okres Galanta";44;100;144
2020-12-19;"Okres Gelnica";6;16;22
2020-12-19;"Okres Hlohovec";16;41;57
2020-12-19;"Okres Humenné";26;53;79
2020-12-19;"Okres Ilava";50;105;155
2020-12-19;"Okres Kežmarok";33;109;142
2020-12-19;"Okres Komárno";47;81;128
2020-12-19;"Okres Košice - okolie";28;105;133
2020-12-19;"Okres Košice I";7;17;24
2020-12-19;"Okres Košice II";7;33;40
2020-12-19;"Okres Košice III";2;5;7
2020-12-19;"Okres Košice IV";9;11;20
2020-12-19;"Okres Krupina";3;14;17
2020-12-19;"Okres Kysucké Nové Mesto";8;18;26
2020-12-19;"Okres Levice";22;90;112
2020-12-19;"Okres Levoča";11;34;45
2020-12-19;"Okres Liptovský Mikuláš";37;104;141
2020-12-19;"Okres Lučenec";1;15;16
2020-12-19;"Okres Malacky";43;145;188
2020-12-19;"Okres Martin";15;73;88
2020-12-19;"Okres Medzilaborce";2;35;37
2020-12-19;"Okres Michalovce";11;62;73
2020-12-19;"Okres Myjava";3;5;8
2020-12-19;"Okres Námestovo";1;39;40
2020-12-19;"Okres Nitra";73;185;258
2020-12-19;"Okres Nové Mesto nad Váhom";78;137;215
2020-12-19;"Okres Nové Zámky";29;79;108
2020-12-19;"Okres Partizánske";14;34;48
2020-12-19;"Okres Pezinok";23;130;153
2020-12-19;"Okres Piešťany";24;59;83
2020-12-19;"Okres Poltár";0;8;8
2020-12-19;"Okres Poprad";84;250;334
2020-12-19;"Okres Považská Bystrica";44;123;167
2020-12-19;"Okres Prešov";57;222;279
2020-12-19;"Okres Prievidza";9;44;53
2020-12-19;"Okres Púchov";24;46;70
2020-12-19;"Okres Revúca";21;53;74
2020-12-19;"Okres Rimavská Sobota";71;135;206
2020-12-19;"Okres Rožňava";13;81;94
2020-12-19;"Okres Ružomberok";35;74;109
2020-12-19;"Okres Sabinov";4;42;46
2020-12-19;"Okres Senec";44;240;284
2020-12-19;"Okres Senica";4;19;23
2020-12-19;"Okres Skalica";0;12;12
2020-12-19;"Okres Snina";1;14;15
2020-12-19;"Okres Sobrance";0;9;9
2020-12-19;"Okres Spišská Nová Ves";17;50;67
2020-12-19;"Okres Stará Ľubovňa";5;10;15
2020-12-19;"Okres Stropkov";1;12;13
2020-12-19;"Okres Svidník";3;22;25
2020-12-19;"Okres Šaľa";9;52;61
2020-12-19;"Okres Topoľčany";16;61;77
2020-12-19;"Okres Trebišov";39;104;143
2020-12-19;"Okres Trenčín";98;222;320
2020-12-19;"Okres Trnava";89;228;317
2020-12-19;"Okres Turčianske Teplice";5;11;16
2020-12-19;"Okres Tvrdošín";2;7;9
2020-12-19;"Okres Veľký Krtíš";1;9;10
2020-12-19;"Okres Vranov nad Topľou";27;54;81
2020-12-19;"Okres Zlaté Moravce";4;28;32
2020-12-19;"Okres Zvolen";13;97;110
2020-12-19;"Okres Žarnovica";0;7;7
2020-12-19;"Okres Žiar nad Hronom";5;11;16
2020-12-19;"Okres Žilina";36;145;181
2020-12-19;NA;40;213;253
2020-12-18;"Neznáme";561;1809;2370
2020-12-18;"Okres Bánovce nad Bebravou";7;23;30
2020-12-18;"Okres Banská Bystrica";134;392;526
2020-12-18;"Okres Banská Štiavnica";4;23;27
2020-12-18;"Okres Bardejov";12;46;58
2020-12-18;"Okres Bratislava I";17;291;308
2020-12-18;"Okres Bratislava II";46;526;572
2020-12-18;"Okres Bratislava III";26;331;357
2020-12-18;"Okres Bratislava IV";39;419;458
2020-12-18;"Okres Bratislava V";55;432;487
2020-12-18;"Okres Brezno";51;93;144
2020-12-18;"Okres Bytča";15;46;61
2020-12-18;"Okres Čadca";20;86;106
2020-12-18;"Okres Detva";14;95;109
2020-12-18;"Okres Dolný Kubín";9;45;54
2020-12-18;"Okres Dunajská Streda";57;157;214
2020-12-18;"Okres Galanta";48;134;182
2020-12-18;"Okres Gelnica";13;29;42
2020-12-18;"Okres Hlohovec";27;86;113
2020-12-18;"Okres Humenné";15;72;87
2020-12-18;"Okres Ilava";60;118;178
2020-12-18;"Okres Kežmarok";47;229;276
2020-12-18;"Okres Komárno";64;123;187
2020-12-18;"Okres Košice - okolie";41;163;204
2020-12-18;"Okres Košice I";9;27;36
2020-12-18;"Okres Košice II";15;56;71
2020-12-18;"Okres Košice III";0;8;8
2020-12-18;"Okres Košice IV";7;14;21
2020-12-18;"Okres Krupina";14;58;72
2020-12-18;"Okres Kysucké Nové Mesto";13;46;59
2020-12-18;"Okres Levice";14;133;147
2020-12-18;"Okres Levoča";25;85;110
2020-12-18;"Okres Liptovský Mikuláš";23;45;68
2020-12-18;"Okres Lučenec";41;130;171
2020-12-18;"Okres Malacky";32;180;212
2020-12-18;"Okres Martin";72;274;346
2020-12-18;"Okres Medzilaborce";5;97;102
2020-12-18;"Okres Michalovce";68;311;379
2020-12-18;"Okres Myjava";31;64;95
2020-12-18;"Okres Námestovo";1;57;58
2020-12-18;"Okres Nitra";83;254;337
2020-12-18;"Okres Nové Mesto nad Váhom";36;183;219
2020-12-18;"Okres Nové Zámky";68;170;238
2020-12-18;"Okres Partizánske";8;12;20
2020-12-18;"Okres Pezinok";19;155;174
2020-12-18;"Okres Piešťany";32;152;184
2020-12-18;"Okres Poltár";3;18;21
2020-12-18;"Okres Poprad";55;199;254
2020-12-18;"Okres Považská Bystrica";82;202;284
2020-12-18;"Okres Prešov";105;455;560
2020-12-18;"Okres Prievidza";107;190;297
2020-12-18;"Okres Púchov";72;107;179
2020-12-18;"Okres Revúca";8;42;50
2020-12-18;"Okres Rimavská Sobota";24;68;92
2020-12-18;"Okres Rožňava";1;24;25
2020-12-18;"Okres Ružomberok";24;54;78
2020-12-18;"Okres Sabinov";25;85;110
2020-12-18;"Okres Senec";40;301;341
2020-12-18;"Okres Senica";24;116;140
2020-12-18;"Okres Skalica";9;25;34
2020-12-18;"Okres Snina";14;42;56
2020-12-18;"Okres Sobrance";3;14;17
2020-12-18;"Okres Spišská Nová Ves";54;151;205
2020-12-18;"Okres Stará Ľubovňa";35;85;120
2020-12-18;"Okres Stropkov";9;26;35
2020-12-18;"Okres Svidník";23;47;70
2020-12-18;"Okres Šaľa";28;63;91
2020-12-18;"Okres Topoľčany";21;46;67
2020-12-18;"Okres Trebišov";39;79;118
2020-12-18;"Okres Trenčín";88;274;362
2020-12-18;"Okres Trnava";84;369;453
2020-12-18;"Okres Turčianske Teplice";6;26;32
2020-12-18;"Okres Tvrdošín";17;35;52
2020-12-18;"Okres Veľký Krtíš";26;57;83
2020-12-18;"Okres Vranov nad Topľou";44;111;155
2020-12-18;"Okres Zlaté Moravce";19;56;75
2020-12-18;"Okres Zvolen";56;316;372
2020-12-18;"Okres Žarnovica";14;33;47
2020-12-18;"Okres Žiar nad Hronom";20;87;107
2020-12-18;"Okres Žilina";96;356;452
2020-12-18;NA;60;426;486
2020-12-17;"Neznáme";449;1635;2084
2020-12-17;"Okres Bánovce nad Bebravou";48;74;122
2020-12-17;"Okres Banská Bystrica";83;330;413
2020-12-17;"Okres Banská Štiavnica";7;85;92
2020-12-17;"Okres Bardejov";57;149;206
2020-12-17;"Okres Bratislava I";23;337;360
2020-12-17;"Okres Bratislava II";62;531;593
2020-12-17;"Okres Bratislava III";55;377;432
2020-12-17;"Okres Bratislava IV";65;389;454
2020-12-17;"Okres Bratislava V";83;411;494
2020-12-17;"Okres Brezno";44;144;188
2020-12-17;"Okres Bytča";14;38;52
2020-12-17;"Okres Čadca";87;182;269
2020-12-17;"Okres Detva";11;54;65
2020-12-17;"Okres Dolný Kubín";6;30;36
2020-12-17;"Okres Dunajská Streda";56;212;268
2020-12-17;"Okres Galanta";16;103;119
2020-12-17;"Okres Gelnica";16;49;65
2020-12-17;"Okres Hlohovec";43;134;177
2020-12-17;"Okres Humenné";24;82;106
2020-12-17;"Okres Ilava";89;205;294
2020-12-17;"Okres Kežmarok";23;63;86
2020-12-17;"Okres Komárno";178;246;424
2020-12-17;"Okres Košice - okolie";62;194;256
2020-12-17;"Okres Košice I";12;24;36
2020-12-17;"Okres Košice II";25;72;97
2020-12-17;"Okres Košice III";5;7;12
2020-12-17;"Okres Košice IV";8;12;20
2020-12-17;"Okres Krupina";14;100;114
2020-12-17;"Okres Kysucké Nové Mesto";19;30;49
2020-12-17;"Okres Levice";27;162;189
2020-12-17;"Okres Levoča";13;71;84
2020-12-17;"Okres Liptovský Mikuláš";58;159;217
2020-12-17;"Okres Lučenec";74;227;301
2020-12-17;"Okres Malacky";89;225;314
2020-12-17;"Okres Martin";77;206;283
2020-12-17;"Okres Medzilaborce";2;13;15
2020-12-17;"Okres Michalovce";55;135;190
2020-12-17;"Okres Myjava";26;48;74
2020-12-17;"Okres Námestovo";11;43;54
2020-12-17;"Okres Nitra";116;326;442
2020-12-17;"Okres Nové Mesto nad Váhom";63;162;225
2020-12-17;"Okres Nové Zámky";60;190;250
2020-12-17;"Okres Partizánske";21;40;61
2020-12-17;"Okres Pezinok";35;158;193
2020-12-17;"Okres Piešťany";67;185;252
2020-12-17;"Okres Poltár";9;33;42
2020-12-17;"Okres Poprad";50;176;226
2020-12-17;"Okres Považská Bystrica";102;186;288
2020-12-17;"Okres Prešov";103;390;493
2020-12-17;"Okres Prievidza";78;121;199
2020-12-17;"Okres Púchov";55;99;154
2020-12-17;"Okres Revúca";33;57;90
2020-12-17;"Okres Rimavská Sobota";52;74;126
2020-12-17;"Okres Rožňava";23;86;109
2020-12-17;"Okres Ružomberok";41;128;169
2020-12-17;"Okres Sabinov";21;62;83
2020-12-17;"Okres Senec";60;291;351
2020-12-17;"Okres Senica";18;74;92
2020-12-17;"Okres Skalica";8;36;44
2020-12-17;"Okres Snina";22;46;68
2020-12-17;"Okres Sobrance";8;24;32
2020-12-17;"Okres Spišská Nová Ves";108;233;341
2020-12-17;"Okres Stará Ľubovňa";13;120;133
2020-12-17;"Okres Stropkov";16;32;48
2020-12-17;"Okres Svidník";40;103;143
2020-12-17;"Okres Šaľa";12;54;66
2020-12-17;"Okres Topoľčany";22;49;71
2020-12-17;"Okres Trebišov";70;185;255
2020-12-17;"Okres Trenčín";185;495;680
2020-12-17;"Okres Trnava";113;526;639
2020-12-17;"Okres Turčianske Teplice";8;22;30
2020-12-17;"Okres Tvrdošín";8;34;42
2020-12-17;"Okres Veľký Krtíš";75;93;168
2020-12-17;"Okres Vranov nad Topľou";51;180;231
2020-12-17;"Okres Zlaté Moravce";31;69;100
2020-12-17;"Okres Zvolen";49;216;265
2020-12-17;"Okres Žarnovica";4;34;38
2020-12-17;"Okres Žiar nad Hronom";41;101;142
2020-12-17;"Okres Žilina";97;305;402
2020-12-17;"Zahraničie";0;1;1
2020-12-17;NA;80;454;534
2020-12-16;"Neznáme";370;1477;1847
2020-12-16;"Okres Bánovce nad Bebravou";15;30;45
2020-12-16;"Okres Banská Bystrica";89;375;464
2020-12-16;"Okres Banská Štiavnica";4;20;24
2020-12-16;"Okres Bardejov";64;181;245
2020-12-16;"Okres Bratislava I";23;194;217
2020-12-16;"Okres Bratislava II";41;368;409
2020-12-16;"Okres Bratislava III";39;274;313
2020-12-16;"Okres Bratislava IV";43;319;362
2020-12-16;"Okres Bratislava V";58;295;353
2020-12-16;"Okres Brezno";26;95;121
2020-12-16;"Okres Bytča";16;26;42
2020-12-16;"Okres Čadca";46;94;140
2020-12-16;"Okres Detva";15;40;55
2020-12-16;"Okres Dolný Kubín";13;36;49
2020-12-16;"Okres Dunajská Streda";40;178;218
2020-12-16;"Okres Galanta";29;149;178
2020-12-16;"Okres Gelnica";14;47;61
2020-12-16;"Okres Hlohovec";28;62;90
2020-12-16;"Okres Humenné";10;23;33
2020-12-16;"Okres Ilava";39;152;191
2020-12-16;"Okres Kežmarok";15;110;125
2020-12-16;"Okres Komárno";13;65;78
2020-12-16;"Okres Košice - okolie";53;263;316
2020-12-16;"Okres Košice I";5;45;50
2020-12-16;"Okres Košice II";22;71;93
2020-12-16;"Okres Košice III";4;21;25
2020-12-16;"Okres Košice IV";9;21;30
2020-12-16;"Okres Krupina";15;54;69
2020-12-16;"Okres Kysucké Nové Mesto";5;21;26
2020-12-16;"Okres Levice";25;81;106
2020-12-16;"Okres Levoča";45;120;165
2020-12-16;"Okres Liptovský Mikuláš";37;149;186
2020-12-16;"Okres Lučenec";42;69;111
2020-12-16;"Okres Malacky";27;105;132
2020-12-16;"Okres Martin";65;244;309
2020-12-16;"Okres Medzilaborce";3;11;14
2020-12-16;"Okres Michalovce";44;143;187
2020-12-16;"Okres Myjava";54;145;199
2020-12-16;"Okres Námestovo";8;32;40
2020-12-16;"Okres Nitra";82;177;259
2020-12-16;"Okres Nové Mesto nad Váhom";57;212;269
2020-12-16;"Okres Nové Zámky";53;195;248
2020-12-16;"Okres Partizánske";3;21;24
2020-12-16;"Okres Pezinok";14;102;116
2020-12-16;"Okres Piešťany";34;96;130
2020-12-16;"Okres Poltár";6;14;20
2020-12-16;"Okres Poprad";68;211;279
2020-12-16;"Okres Považská Bystrica";65;128;193
2020-12-16;"Okres Prešov";98;461;559
2020-12-16;"Okres Prievidza";62;82;144
2020-12-16;"Okres Púchov";70;77;147
2020-12-16;"Okres Revúca";15;51;66
2020-12-16;"Okres Rimavská Sobota";63;131;194
2020-12-16;"Okres Rožňava";31;114;145
2020-12-16;"Okres Ružomberok";26;62;88
2020-12-16;"Okres Sabinov";13;91;104
2020-12-16;"Okres Senec";25;145;170
2020-12-16;"Okres Senica";49;115;164
2020-12-16;"Okres Skalica";8;31;39
2020-12-16;"Okres Snina";6;47;53
2020-12-16;"Okres Sobrance";13;22;35
2020-12-16;"Okres Spišská Nová Ves";96;251;347
2020-12-16;"Okres Stará Ľubovňa";33;160;193
2020-12-16;"Okres Stropkov";13;43;56
2020-12-16;"Okres Svidník";44;93;137
2020-12-16;"Okres Šaľa";11;41;52
2020-12-16;"Okres Topoľčany";23;53;76
2020-12-16;"Okres Trebišov";71;201;272
2020-12-16;"Okres Trenčín";93;392;485
2020-12-16;"Okres Trnava";80;360;440
2020-12-16;"Okres Turčianske Teplice";2;20;22
2020-12-16;"Okres Tvrdošín";33;46;79
2020-12-16;"Okres Veľký Krtíš";43;91;134
2020-12-16;"Okres Vranov nad Topľou";57;131;188
2020-12-16;"Okres Zlaté Moravce";17;45;62
2020-12-16;"Okres Zvolen";45;205;250
2020-12-16;"Okres Žarnovica";7;56;63
2020-12-16;"Okres Žiar nad Hronom";25;58;83
2020-12-16;"Okres Žilina";60;186;246
2020-12-16;NA;83;489;572
2020-12-15;"Neznáme";578;1848;2426
2020-12-15;"Okres Bánovce nad Bebravou";31;102;133
2020-12-15;"Okres Banská Bystrica";62;292;354
2020-12-15;"Okres Banská Štiavnica";4;22;26
2020-12-15;"Okres Bardejov";54;146;200
2020-12-15;"Okres Bratislava I";28;262;290
2020-12-15;"Okres Bratislava II";66;417;483
2020-12-15;"Okres Bratislava III";43;312;355
2020-12-15;"Okres Bratislava IV";61;401;462
2020-12-15;"Okres Bratislava V";53;379;432
2020-12-15;"Okres Brezno";24;70;94
2020-12-15;"Okres Bytča";16;40;56
2020-12-15;"Okres Čadca";62;150;212
2020-12-15;"Okres Detva";11;39;50
2020-12-15;"Okres Dolný Kubín";15;37;52
2020-12-15;"Okres Dunajská Streda";69;280;349
2020-12-15;"Okres Galanta";41;168;209
2020-12-15;"Okres Gelnica";6;27;33
2020-12-15;"Okres Hlohovec";80;280;360
2020-12-15;"Okres Humenné";14;49;63
2020-12-15;"Okres Ilava";48;119;167
2020-12-15;"Okres Kežmarok";17;76;93
2020-12-15;"Okres Komárno";61;141;202
2020-12-15;"Okres Košice - okolie";37;181;218
2020-12-15;"Okres Košice I";4;36;40
2020-12-15;"Okres Košice II";5;32;37
2020-12-15;"Okres Košice III";3;6;9
2020-12-15;"Okres Košice IV";6;23;29
2020-12-15;"Okres Krupina";1;25;26
2020-12-15;"Okres Kysucké Nové Mesto";12;55;67
2020-12-15;"Okres Levice";12;169;181
2020-12-15;"Okres Levoča";16;34;50
2020-12-15;"Okres Liptovský Mikuláš";52;159;211
2020-12-15;"Okres Lučenec";90;122;212
2020-12-15;"Okres Malacky";51;168;219
2020-12-15;"Okres Martin";104;231;335
2020-12-15;"Okres Medzilaborce";8;20;28
2020-12-15;"Okres Michalovce";31;138;169
2020-12-15;"Okres Myjava";25;132;157
2020-12-15;"Okres Námestovo";6;49;55
2020-12-15;"Okres Nitra";94;307;401
2020-12-15;"Okres Nové Mesto nad Váhom";77;163;240
2020-12-15;"Okres Nové Zámky";49;134;183
2020-12-15;"Okres Partizánske";21;55;76
2020-12-15;"Okres Pezinok";27;139;166
2020-12-15;"Okres Piešťany";40;140;180
2020-12-15;"Okres Poltár";12;28;40
2020-12-15;"Okres Poprad";88;178;266
2020-12-15;"Okres Považská Bystrica";66;151;217
2020-12-15;"Okres Prešov";77;315;392
2020-12-15;"Okres Prievidza";92;245;337
2020-12-15;"Okres Púchov";52;166;218
2020-12-15;"Okres Revúca";18;61;79
2020-12-15;"Okres Rimavská Sobota";39;105;144
2020-12-15;"Okres Rožňava";31;69;100
2020-12-15;"Okres Ružomberok";99;185;284
2020-12-15;"Okres Sabinov";7;46;53
2020-12-15;"Okres Senec";46;256;302
2020-12-15;"Okres Senica";19;70;89
2020-12-15;"Okres Skalica";16;41;57
2020-12-15;"Okres Snina";19;42;61
2020-12-15;"Okres Sobrance";5;21;26
2020-12-15;"Okres Spišská Nová Ves";40;114;154
2020-12-15;"Okres Stará Ľubovňa";22;59;81
2020-12-15;"Okres Stropkov";19;56;75
2020-12-15;"Okres Svidník";21;49;70
2020-12-15;"Okres Šaľa";28;109;137
2020-12-15;"Okres Topoľčany";20;80;100
2020-12-15;"Okres Trebišov";80;210;290
2020-12-15;"Okres Trenčín";161;377;538
2020-12-15;"Okres Trnava";91;465;556
2020-12-15;"Okres Turčianske Teplice";11;38;49
2020-12-15;"Okres Tvrdošín";11;31;42
2020-12-15;"Okres Veľký Krtíš";17;50;67
2020-12-15;"Okres Vranov nad Topľou";66;234;300
2020-12-15;"Okres Zlaté Moravce";15;43;58
2020-12-15;"Okres Zvolen";33;188;221
2020-12-15;"Okres Žarnovica";5;23;28
2020-12-15;"Okres Žiar nad Hronom";16;77;93
2020-12-15;"Okres Žilina";101;299;400
2020-12-15;NA;66;337;403
2020-12-14;"Neznáme";234;951;1185
2020-12-14;"Okres Bánovce nad Bebravou";25;71;96
2020-12-14;"Okres Banská Bystrica";33;172;205
2020-12-14;"Okres Banská Štiavnica";0;15;15
2020-12-14;"Okres Bardejov";13;49;62
2020-12-14;"Okres Bratislava I";19;181;200
2020-12-14;"Okres Bratislava II";50;331;381
2020-12-14;"Okres Bratislava III";26;191;217
2020-12-14;"Okres Bratislava IV";47;313;360
2020-12-14;"Okres Bratislava V";52;335;387
2020-12-14;"Okres Brezno";12;37;49
2020-12-14;"Okres Bytča";16;55;71
2020-12-14;"Okres Čadca";33;78;111
2020-12-14;"Okres Detva";9;83;92
2020-12-14;"Okres Dolný Kubín";11;30;41
2020-12-14;"Okres Dunajská Streda";10;77;87
2020-12-14;"Okres Galanta";15;81;96
2020-12-14;"Okres Gelnica";10;30;40
2020-12-14;"Okres Hlohovec";26;63;89
2020-12-14;"Okres Humenné";11;62;73
2020-12-14;"Okres Ilava";28;73;101
2020-12-14;"Okres Kežmarok";12;37;49
2020-12-14;"Okres Komárno";15;33;48
2020-12-14;"Okres Košice - okolie";55;233;288
2020-12-14;"Okres Košice I";10;41;51
2020-12-14;"Okres Košice II";14;54;68
2020-12-14;"Okres Košice III";1;15;16
2020-12-14;"Okres Košice IV";7;31;38
2020-12-14;"Okres Krupina";6;41;47
2020-12-14;"Okres Kysucké Nové Mesto";18;44;62
2020-12-14;"Okres Levice";4;49;53
2020-12-14;"Okres Levoča";6;45;51
2020-12-14;"Okres Liptovský Mikuláš";13;44;57
2020-12-14;"Okres Lučenec";51;132;183
2020-12-14;"Okres Malacky";21;125;146
2020-12-14;"Okres Martin";59;367;426
2020-12-14;"Okres Medzilaborce";3;7;10
2020-12-14;"Okres Michalovce";19;94;113
2020-12-14;"Okres Myjava";37;92;129
2020-12-14;"Okres Námestovo";3;27;30
2020-12-14;"Okres Nitra";24;87;111
2020-12-14;"Okres Nové Mesto nad Váhom";22;102;124
2020-12-14;"Okres Nové Zámky";39;96;135
2020-12-14;"Okres Partizánske";2;25;27
2020-12-14;"Okres Pezinok";22;120;142
2020-12-14;"Okres Piešťany";33;98;131
2020-12-14;"Okres Poltár";10;30;40
2020-12-14;"Okres Poprad";14;73;87
2020-12-14;"Okres Považská Bystrica";52;116;168
2020-12-14;"Okres Prešov";143;440;583
2020-12-14;"Okres Prievidza";8;51;59
2020-12-14;"Okres Púchov";20;40;60
2020-12-14;"Okres Revúca";4;6;10
2020-12-14;"Okres Rimavská Sobota";9;20;29
2020-12-14;"Okres Rožňava";0;8;8
2020-12-14;"Okres Ružomberok";39;114;153
2020-12-14;"Okres Sabinov";23;91;114
2020-12-14;"Okres Senec";39;196;235
2020-12-14;"Okres Senica";12;31;43
2020-12-14;"Okres Skalica";1;8;9
2020-12-14;"Okres Snina";12;51;63
2020-12-14;"Okres Sobrance";2;14;16
2020-12-14;"Okres Spišská Nová Ves";21;44;65
2020-12-14;"Okres Stará Ľubovňa";32;86;118
2020-12-14;"Okres Stropkov";3;27;30
2020-12-14;"Okres Svidník";56;93;149
2020-12-14;"Okres Šaľa";4;18;22
2020-12-14;"Okres Topoľčany";26;44;70
2020-12-14;"Okres Trebišov";46;112;158
2020-12-14;"Okres Trenčín";109;313;422
2020-12-14;"Okres Trnava";65;249;314
2020-12-14;"Okres Turčianske Teplice";13;86;99
2020-12-14;"Okres Tvrdošín";2;12;14
2020-12-14;"Okres Veľký Krtíš";4;30;34
2020-12-14;"Okres Vranov nad Topľou";21;49;70
2020-12-14;"Okres Zlaté Moravce";2;16;18
2020-12-14;"Okres Zvolen";20;238;258
2020-12-14;"Okres Žarnovica";1;14;15
2020-12-14;"Okres Žiar nad Hronom";13;41;54
2020-12-14;"Okres Žilina";105;285;390
2020-12-14;NA;58;373;431
2020-12-13;"Neznáme";46;131;177
2020-12-13;"Okres Bánovce nad Bebravou";4;12;16
2020-12-13;"Okres Banská Bystrica";63;201;264
2020-12-13;"Okres Banská Štiavnica";2;2;4
2020-12-13;"Okres Bardejov";1;17;18
2020-12-13;"Okres Bratislava I";6;61;67
2020-12-13;"Okres Bratislava II";13;131;144
2020-12-13;"Okres Bratislava III";11;74;85
2020-12-13;"Okres Bratislava IV";19;109;128
2020-12-13;"Okres Bratislava V";36;107;143
2020-12-13;"Okres Brezno";10;26;36
2020-12-13;"Okres Čadca";1;7;8
2020-12-13;"Okres Detva";9;8;17
2020-12-13;"Okres Dolný Kubín";0;2;2
2020-12-13;"Okres Dunajská Streda";3;17;20
2020-12-13;"Okres Galanta";1;6;7
2020-12-13;"Okres Gelnica";5;9;14
2020-12-13;"Okres Hlohovec";1;4;5
2020-12-13;"Okres Humenné";1;8;9
2020-12-13;"Okres Ilava";8;40;48
2020-12-13;"Okres Kežmarok";5;33;38
2020-12-13;"Okres Komárno";0;9;9
2020-12-13;"Okres Košice - okolie";12;45;57
2020-12-13;"Okres Košice I";5;12;17
2020-12-13;"Okres Košice II";1;20;21
2020-12-13;"Okres Košice III";1;1;2
2020-12-13;"Okres Košice IV";1;6;7
2020-12-13;"Okres Krupina";6;12;18
2020-12-13;"Okres Kysucké Nové Mesto";0;1;1
2020-12-13;"Okres Levice";0;10;10
2020-12-13;"Okres Levoča";0;11;11
2020-12-13;"Okres Liptovský Mikuláš";4;17;21
2020-12-13;"Okres Lučenec";1;3;4
2020-12-13;"Okres Malacky";18;51;69
2020-12-13;"Okres Martin";8;9;17
2020-12-13;"Okres Medzilaborce";1;1;2
2020-12-13;"Okres Michalovce";2;15;17
2020-12-13;"Okres Myjava";0;2;2
2020-12-13;"Okres Námestovo";0;8;8
2020-12-13;"Okres Nitra";2;8;10
2020-12-13;"Okres Nové Mesto nad Váhom";7;44;51
2020-12-13;"Okres Nové Zámky";7;23;30
2020-12-13;"Okres Partizánske";1;6;7
2020-12-13;"Okres Pezinok";7;51;58
2020-12-13;"Okres Piešťany";0;8;8
2020-12-13;"Okres Poltár";0;1;1
2020-12-13;"Okres Poprad";25;115;140
2020-12-13;"Okres Považská Bystrica";2;4;6
2020-12-13;"Okres Prešov";10;27;37
2020-12-13;"Okres Prievidza";1;17;18
2020-12-13;"Okres Púchov";2;16;18
2020-12-13;"Okres Revúca";0;2;2
2020-12-13;"Okres Rimavská Sobota";0;5;5
2020-12-13;"Okres Rožňava";0;4;4
2020-12-13;"Okres Ružomberok";8;35;43
2020-12-13;"Okres Sabinov";1;17;18
2020-12-13;"Okres Senec";16;63;79
2020-12-13;"Okres Senica";1;6;7
2020-12-13;"Okres Skalica";0;1;1
2020-12-13;"Okres Snina";3;6;9
2020-12-13;"Okres Sobrance";3;5;8
2020-12-13;"Okres Spišská Nová Ves";4;34;38
2020-12-13;"Okres Stará Ľubovňa";20;75;95
2020-12-13;"Okres Stropkov";16;37;53
2020-12-13;"Okres Svidník";15;21;36
2020-12-13;"Okres Šaľa";2;3;5
2020-12-13;"Okres Topoľčany";4;15;19
2020-12-13;"Okres Trebišov";1;8;9
2020-12-13;"Okres Trenčín";53;224;277
2020-12-13;"Okres Trnava";3;9;12
2020-12-13;"Okres Turčianske Teplice";0;2;2
2020-12-13;"Okres Tvrdošín";0;7;7
2020-12-13;"Okres Veľký Krtíš";3;4;7
2020-12-13;"Okres Vranov nad Topľou";0;8;8
2020-12-13;"Okres Zlaté Moravce";1;2;3
2020-12-13;"Okres Zvolen";15;50;65
2020-12-13;"Okres Žarnovica";1;3;4
2020-12-13;"Okres Žiar nad Hronom";9;41;50
2020-12-13;"Okres Žilina";1;6;7
2020-12-13;NA;11;88;99
2020-12-12;"Neznáme";223;685;908
2020-12-12;"Okres Bánovce nad Bebravou";27;58;85
2020-12-12;"Okres Banská Bystrica";38;211;249
2020-12-12;"Okres Banská Štiavnica";0;11;11
2020-12-12;"Okres Bardejov";38;204;242
2020-12-12;"Okres Bratislava I";23;144;167
2020-12-12;"Okres Bratislava II";42;228;270
2020-12-12;"Okres Bratislava III";23;148;171
2020-12-12;"Okres Bratislava IV";33;194;227
2020-12-12;"Okres Bratislava V";114;275;389
2020-12-12;"Okres Brezno";5;34;39
2020-12-12;"Okres Bytča";2;23;25
2020-12-12;"Okres Čadca";9;29;38
2020-12-12;"Okres Detva";5;33;38
2020-12-12;"Okres Dolný Kubín";1;7;8
2020-12-12;"Okres Dunajská Streda";59;157;216
2020-12-12;"Okres Galanta";43;132;175
2020-12-12;"Okres Gelnica";9;25;34
2020-12-12;"Okres Hlohovec";17;62;79
2020-12-12;"Okres Humenné";21;65;86
2020-12-12;"Okres Ilava";52;98;150
2020-12-12;"Okres Kežmarok";30;104;134
2020-12-12;"Okres Komárno";58;270;328
2020-12-12;"Okres Košice - okolie";46;163;209
2020-12-12;"Okres Košice I";15;54;69
2020-12-12;"Okres Košice II";14;67;81
2020-12-12;"Okres Košice III";2;11;13
2020-12-12;"Okres Košice IV";8;33;41
2020-12-12;"Okres Krupina";22;29;51
2020-12-12;"Okres Kysucké Nové Mesto";2;11;13
2020-12-12;"Okres Levice";20;256;276
2020-12-12;"Okres Levoča";11;54;65
2020-12-12;"Okres Liptovský Mikuláš";4;20;24
2020-12-12;"Okres Lučenec";1;7;8
2020-12-12;"Okres Malacky";47;135;182
2020-12-12;"Okres Martin";4;21;25
2020-12-12;"Okres Medzilaborce";3;5;8
2020-12-12;"Okres Michalovce";54;152;206
2020-12-12;"Okres Myjava";0;5;5
2020-12-12;"Okres Námestovo";0;5;5
2020-12-12;"Okres Nitra";64;183;247
2020-12-12;"Okres Nové Mesto nad Váhom";26;103;129
2020-12-12;"Okres Nové Zámky";37;136;173
2020-12-12;"Okres Partizánske";20;29;49
2020-12-12;"Okres Pezinok";9;78;87
2020-12-12;"Okres Piešťany";13;50;63
2020-12-12;"Okres Poltár";1;3;4
2020-12-12;"Okres Poprad";66;204;270
2020-12-12;"Okres Považská Bystrica";74;158;232
2020-12-12;"Okres Prešov";42;139;181
2020-12-12;"Okres Prievidza";11;87;98
2020-12-12;"Okres Púchov";44;84;128
2020-12-12;"Okres Revúca";16;59;75
2020-12-12;"Okres Rimavská Sobota";51;80;131
2020-12-12;"Okres Rožňava";19;63;82
2020-12-12;"Okres Ružomberok";6;24;30
2020-12-12;"Okres Sabinov";8;33;41
2020-12-12;"Okres Senec";45;182;227
2020-12-12;"Okres Senica";6;76;82
2020-12-12;"Okres Skalica";32;34;66
2020-12-12;"Okres Snina";1;17;18
2020-12-12;"Okres Sobrance";9;35;44
2020-12-12;"Okres Spišská Nová Ves";122;197;319
2020-12-12;"Okres Stará Ľubovňa";25;94;119
2020-12-12;"Okres Stropkov";2;20;22
2020-12-12;"Okres Svidník";31;70;101
2020-12-12;"Okres Šaľa";27;55;82
2020-12-12;"Okres Topoľčany";13;27;40
2020-12-12;"Okres Trebišov";19;71;90
2020-12-12;"Okres Trenčín";54;258;312
2020-12-12;"Okres Trnava";84;219;303
2020-12-12;"Okres Turčianske Teplice";0;5;5
2020-12-12;"Okres Tvrdošín";1;6;7
2020-12-12;"Okres Veľký Krtíš";1;4;5
2020-12-12;"Okres Vranov nad Topľou";43;122;165
2020-12-12;"Okres Zlaté Moravce";4;26;30
2020-12-12;"Okres Zvolen";14;86;100
2020-12-12;"Okres Žarnovica";1;19;20
2020-12-12;"Okres Žiar nad Hronom";5;13;18
2020-12-12;"Okres Žilina";45;103;148
2020-12-12;NA;60;238;298
2020-12-11;"Neznáme";350;1379;1729
2020-12-11;"Okres Bánovce nad Bebravou";22;62;84
2020-12-11;"Okres Banská Bystrica";110;411;521
2020-12-11;"Okres Banská Štiavnica";15;38;53
2020-12-11;"Okres Bardejov";44;117;161
2020-12-11;"Okres Bratislava I";20;288;308
2020-12-11;"Okres Bratislava II";47;420;467
2020-12-11;"Okres Bratislava III";33;273;306
2020-12-11;"Okres Bratislava IV";37;331;368
2020-12-11;"Okres Bratislava V";56;366;422
2020-12-11;"Okres Brezno";28;89;117
2020-12-11;"Okres Bytča";14;36;50
2020-12-11;"Okres Čadca";78;210;288
2020-12-11;"Okres Detva";15;164;179
2020-12-11;"Okres Dolný Kubín";7;52;59
2020-12-11;"Okres Dunajská Streda";64;245;309
2020-12-11;"Okres Galanta";56;206;262
2020-12-11;"Okres Gelnica";13;33;46
2020-12-11;"Okres Hlohovec";33;99;132
2020-12-11;"Okres Humenné";48;108;156
2020-12-11;"Okres Ilava";68;311;379
2020-12-11;"Okres Kežmarok";28;98;126
2020-12-11;"Okres Komárno";56;117;173
2020-12-11;"Okres Košice - okolie";61;187;248
2020-12-11;"Okres Košice I";10;36;46
2020-12-11;"Okres Košice II";17;60;77
2020-12-11;"Okres Košice III";2;12;14
2020-12-11;"Okres Košice IV";5;23;28
2020-12-11;"Okres Krupina";16;95;111
2020-12-11;"Okres Kysucké Nové Mesto";12;41;53
2020-12-11;"Okres Levice";25;100;125
2020-12-11;"Okres Levoča";11;96;107
2020-12-11;"Okres Liptovský Mikuláš";65;198;263
2020-12-11;"Okres Lučenec";30;114;144
2020-12-11;"Okres Malacky";34;134;168
2020-12-11;"Okres Martin";82;332;414
2020-12-11;"Okres Medzilaborce";8;15;23
2020-12-11;"Okres Michalovce";47;389;436
2020-12-11;"Okres Myjava";54;127;181
2020-12-11;"Okres Námestovo";8;119;127
2020-12-11;"Okres Nitra";95;260;355
2020-12-11;"Okres Nové Mesto nad Váhom";132;233;365
2020-12-11;"Okres Nové Zámky";63;168;231
2020-12-11;"Okres Partizánske";15;46;61
2020-12-11;"Okres Pezinok";19;168;187
2020-12-11;"Okres Piešťany";33;130;163
2020-12-11;"Okres Poltár";7;34;41
2020-12-11;"Okres Poprad";68;228;296
2020-12-11;"Okres Považská Bystrica";70;147;217
2020-12-11;"Okres Prešov";160;415;575
2020-12-11;"Okres Prievidza";151;220;371
2020-12-11;"Okres Púchov";81;116;197
2020-12-11;"Okres Revúca";16;79;95
2020-12-11;"Okres Rimavská Sobota";80;160;240
2020-12-11;"Okres Rožňava";17;63;80
2020-12-11;"Okres Ružomberok";37;127;164
2020-12-11;"Okres Sabinov";15;70;85
2020-12-11;"Okres Senec";62;255;317
2020-12-11;"Okres Senica";35;99;134
2020-12-11;"Okres Skalica";12;43;55
2020-12-11;"Okres Snina";23;77;100
2020-12-11;"Okres Sobrance";5;23;28
2020-12-11;"Okres Spišská Nová Ves";68;189;257
2020-12-11;"Okres Stará Ľubovňa";29;69;98
2020-12-11;"Okres Stropkov";27;68;95
2020-12-11;"Okres Svidník";51;82;133
2020-12-11;"Okres Šaľa";18;78;96
2020-12-11;"Okres Topoľčany";35;129;164
2020-12-11;"Okres Trebišov";52;203;255
2020-12-11;"Okres Trenčín";150;341;491
2020-12-11;"Okres Trnava";119;444;563
2020-12-11;"Okres Turčianske Teplice";7;23;30
2020-12-11;"Okres Tvrdošín";7;42;49
2020-12-11;"Okres Veľký Krtíš";35;117;152
2020-12-11;"Okres Vranov nad Topľou";63;149;212
2020-12-11;"Okres Zlaté Moravce";22;81;103
2020-12-11;"Okres Zvolen";77;456;533
2020-12-11;"Okres Žarnovica";8;45;53
2020-12-11;"Okres Žiar nad Hronom";66;152;218
2020-12-11;"Okres Žilina";92;272;364
2020-12-11;NA;65;408;473
2020-12-10;"Neznáme";332;1186;1518
2020-12-10;"Okres Bánovce nad Bebravou";2;16;18
2020-12-10;"Okres Banská Bystrica";94;188;282
2020-12-10;"Okres Banská Štiavnica";2;6;8
2020-12-10;"Okres Bardejov";15;78;93
2020-12-10;"Okres Bratislava I";15;208;223
2020-12-10;"Okres Bratislava II";53;277;330
2020-12-10;"Okres Bratislava III";30;195;225
2020-12-10;"Okres Bratislava IV";40;221;261
2020-12-10;"Okres Bratislava V";33;229;262
2020-12-10;"Okres Brezno";21;34;55
2020-12-10;"Okres Bytča";12;21;33
2020-12-10;"Okres Čadca";34;92;126
2020-12-10;"Okres Detva";15;36;51
2020-12-10;"Okres Dolný Kubín";2;35;37
2020-12-10;"Okres Dunajská Streda";12;94;106
2020-12-10;"Okres Galanta";38;72;110
2020-12-10;"Okres Gelnica";7;38;45
2020-12-10;"Okres Hlohovec";29;72;101
2020-12-10;"Okres Humenné";11;99;110
2020-12-10;"Okres Ilava";41;118;159
2020-12-10;"Okres Kežmarok";23;66;89
2020-12-10;"Okres Komárno";16;50;66
2020-12-10;"Okres Košice - okolie";60;156;216
2020-12-10;"Okres Košice I";3;18;21
2020-12-10;"Okres Košice II";5;15;20
2020-12-10;"Okres Košice III";2;8;10
2020-12-10;"Okres Košice IV";2;16;18
2020-12-10;"Okres Krupina";11;23;34
2020-12-10;"Okres Kysucké Nové Mesto";12;17;29
2020-12-10;"Okres Levice";14;105;119
2020-12-10;"Okres Levoča";14;41;55
2020-12-10;"Okres Liptovský Mikuláš";2;27;29
2020-12-10;"Okres Lučenec";18;59;77
2020-12-10;"Okres Malacky";53;152;205
2020-12-10;"Okres Martin";23;87;110
2020-12-10;"Okres Medzilaborce";35;34;69
2020-12-10;"Okres Michalovce";50;235;285
2020-12-10;"Okres Myjava";5;19;24
2020-12-10;"Okres Námestovo";4;27;31
2020-12-10;"Okres Nitra";67;184;251
2020-12-10;"Okres Nové Mesto nad Váhom";13;85;98
2020-12-10;"Okres Nové Zámky";60;152;212
2020-12-10;"Okres Partizánske";2;14;16
2020-12-10;"Okres Pezinok";26;167;193
2020-12-10;"Okres Piešťany";16;71;87
2020-12-10;"Okres Poltár";2;18;20
2020-12-10;"Okres Poprad";65;187;252
2020-12-10;"Okres Považská Bystrica";47;96;143
2020-12-10;"Okres Prešov";56;275;331
2020-12-10;"Okres Prievidza";9;57;66
2020-12-10;"Okres Púchov";35;66;101
2020-12-10;"Okres Revúca";7;47;54
2020-12-10;"Okres Rimavská Sobota";39;118;157
2020-12-10;"Okres Rožňava";7;80;87
2020-12-10;"Okres Ružomberok";10;28;38
2020-12-10;"Okres Sabinov";11;46;57
2020-12-10;"Okres Senec";27;164;191
2020-12-10;"Okres Senica";12;46;58
2020-12-10;"Okres Skalica";15;91;106
2020-12-10;"Okres Snina";11;80;91
2020-12-10;"Okres Sobrance";7;26;33
2020-12-10;"Okres Spišská Nová Ves";54;185;239
2020-12-10;"Okres Stará Ľubovňa";33;103;136
2020-12-10;"Okres Stropkov";17;44;61
2020-12-10;"Okres Svidník";11;23;34
2020-12-10;"Okres Šaľa";24;33;57
2020-12-10;"Okres Topoľčany";12;45;57
2020-12-10;"Okres Trebišov";38;122;160
2020-12-10;"Okres Trenčín";119;400;519
2020-12-10;"Okres Trnava";45;274;319
2020-12-10;"Okres Turčianske Teplice";5;17;22
2020-12-10;"Okres Tvrdošín";8;18;26
2020-12-10;"Okres Veľký Krtíš";34;50;84
2020-12-10;"Okres Vranov nad Topľou";43;148;191
2020-12-10;"Okres Zlaté Moravce";2;13;15
2020-12-10;"Okres Zvolen";28;81;109
2020-12-10;"Okres Žarnovica";8;27;35
2020-12-10;"Okres Žiar nad Hronom";5;30;35
2020-12-10;"Okres Žilina";43;166;209
2020-12-10;NA;36;292;328
2020-12-09;"Neznáme";371;1180;1551
2020-12-09;"Okres Bánovce nad Bebravou";15;35;50
2020-12-09;"Okres Banská Bystrica";66;209;275
2020-12-09;"Okres Banská Štiavnica";10;37;47
2020-12-09;"Okres Bardejov";27;74;101
2020-12-09;"Okres Bratislava I";31;227;258
2020-12-09;"Okres Bratislava II";51;332;383
2020-12-09;"Okres Bratislava III";38;249;287
2020-12-09;"Okres Bratislava IV";43;264;307
2020-12-09;"Okres Bratislava V";53;265;318
2020-12-09;"Okres Brezno";28;71;99
2020-12-09;"Okres Bytča";12;36;48
2020-12-09;"Okres Čadca";53;145;198
2020-12-09;"Okres Detva";25;122;147
2020-12-09;"Okres Dolný Kubín";10;30;40
2020-12-09;"Okres Dunajská Streda";79;315;394
2020-12-09;"Okres Galanta";65;214;279
2020-12-09;"Okres Gelnica";4;26;30
2020-12-09;"Okres Hlohovec";50;139;189
2020-12-09;"Okres Humenné";37;89;126
2020-12-09;"Okres Ilava";66;126;192
2020-12-09;"Okres Kežmarok";24;193;217
2020-12-09;"Okres Komárno";42;173;215
2020-12-09;"Okres Košice - okolie";45;196;241
2020-12-09;"Okres Košice I";8;21;29
2020-12-09;"Okres Košice II";14;40;54
2020-12-09;"Okres Košice III";3;15;18
2020-12-09;"Okres Košice IV";5;12;17
2020-12-09;"Okres Krupina";5;33;38
2020-12-09;"Okres Kysucké Nové Mesto";23;33;56
2020-12-09;"Okres Levice";28;114;142
2020-12-09;"Okres Levoča";19;100;119
2020-12-09;"Okres Liptovský Mikuláš";85;209;294
2020-12-09;"Okres Lučenec";28;85;113
2020-12-09;"Okres Malacky";26;167;193
2020-12-09;"Okres Martin";62;299;361
2020-12-09;"Okres Medzilaborce";4;9;13
2020-12-09;"Okres Michalovce";30;186;216
2020-12-09;"Okres Myjava";29;116;145
2020-12-09;"Okres Námestovo";4;25;29
2020-12-09;"Okres Nitra";68;262;330
2020-12-09;"Okres Nové Mesto nad Váhom";54;175;229
2020-12-09;"Okres Nové Zámky";39;193;232
2020-12-09;"Okres Partizánske";12;32;44
2020-12-09;"Okres Pezinok";33;126;159
2020-12-09;"Okres Piešťany";74;194;268
2020-12-09;"Okres Poltár";9;18;27
2020-12-09;"Okres Poprad";74;182;256
2020-12-09;"Okres Považská Bystrica";78;117;195
2020-12-09;"Okres Prešov";68;211;279
2020-12-09;"Okres Prievidza";56;131;187
2020-12-09;"Okres Púchov";57;122;179
2020-12-09;"Okres Revúca";20;53;73
2020-12-09;"Okres Rimavská Sobota";36;111;147
2020-12-09;"Okres Rožňava";8;111;119
2020-12-09;"Okres Ružomberok";26;67;93
2020-12-09;"Okres Sabinov";11;34;45
2020-12-09;"Okres Senec";65;222;287
2020-12-09;"Okres Senica";25;56;81
2020-12-09;"Okres Skalica";15;101;116
2020-12-09;"Okres Snina";14;74;88
2020-12-09;"Okres Sobrance";5;24;29
2020-12-09;"Okres Spišská Nová Ves";62;183;245
2020-12-09;"Okres Stará Ľubovňa";20;105;125
2020-12-09;"Okres Stropkov";21;65;86
2020-12-09;"Okres Svidník";27;69;96
2020-12-09;"Okres Šaľa";31;94;125
2020-12-09;"Okres Topoľčany";35;149;184
2020-12-09;"Okres Trebišov";42;152;194
2020-12-09;"Okres Trenčín";125;440;565
2020-12-09;"Okres Trnava";155;518;673
2020-12-09;"Okres Turčianske Teplice";7;30;37
2020-12-09;"Okres Tvrdošín";9;26;35
2020-12-09;"Okres Veľký Krtíš";40;86;126
2020-12-09;"Okres Vranov nad Topľou";29;120;149
2020-12-09;"Okres Zlaté Moravce";6;28;34
2020-12-09;"Okres Zvolen";49;222;271
2020-12-09;"Okres Žarnovica";14;43;57
2020-12-09;"Okres Žiar nad Hronom";18;76;94
2020-12-09;"Okres Žilina";75;255;330
2020-12-09;NA;51;361;412
2020-12-08;"Neznáme";401;1301;1702
2020-12-08;"Okres Bánovce nad Bebravou";39;99;138
2020-12-08;"Okres Banská Bystrica";81;301;382
2020-12-08;"Okres Banská Štiavnica";4;18;22
2020-12-08;"Okres Bardejov";39;153;192
2020-12-08;"Okres Bratislava I";21;178;199
2020-12-08;"Okres Bratislava II";47;276;323
2020-12-08;"Okres Bratislava III";26;189;215
2020-12-08;"Okres Bratislava IV";40;226;266
2020-12-08;"Okres Bratislava V";34;268;302
2020-12-08;"Okres Brezno";27;44;71
2020-12-08;"Okres Bytča";10;44;54
2020-12-08;"Okres Čadca";39;68;107
2020-12-08;"Okres Detva";7;68;75
2020-12-08;"Okres Dolný Kubín";8;59;67
2020-12-08;"Okres Dunajská Streda";60;299;359
2020-12-08;"Okres Galanta";34;128;162
2020-12-08;"Okres Gelnica";6;33;39
2020-12-08;"Okres Hlohovec";21;39;60
2020-12-08;"Okres Humenné";26;53;79
2020-12-08;"Okres Ilava";59;131;190
2020-12-08;"Okres Kežmarok";24;90;114
2020-12-08;"Okres Komárno";23;105;128
2020-12-08;"Okres Košice - okolie";25;130;155
2020-12-08;"Okres Košice I";1;8;9
2020-12-08;"Okres Košice II";3;27;30
2020-12-08;"Okres Košice III";0;5;5
2020-12-08;"Okres Košice IV";2;14;16
2020-12-08;"Okres Krupina";15;42;57
2020-12-08;"Okres Kysucké Nové Mesto";12;53;65
2020-12-08;"Okres Levice";26;140;166
2020-12-08;"Okres Levoča";21;96;117
2020-12-08;"Okres Liptovský Mikuláš";15;38;53
2020-12-08;"Okres Lučenec";31;132;163
2020-12-08;"Okres Malacky";33;129;162
2020-12-08;"Okres Martin";51;451;502
2020-12-08;"Okres Medzilaborce";3;10;13
2020-12-08;"Okres Michalovce";57;201;258
2020-12-08;"Okres Myjava";19;45;64
2020-12-08;"Okres Námestovo";8;78;86
2020-12-08;"Okres Nitra";50;146;196
2020-12-08;"Okres Nové Mesto nad Váhom";25;53;78
2020-12-08;"Okres Nové Zámky";49;161;210
2020-12-08;"Okres Partizánske";16;53;69
2020-12-08;"Okres Pezinok";18;97;115
2020-12-08;"Okres Piešťany";11;76;87
2020-12-08;"Okres Poltár";7;15;22
2020-12-08;"Okres Poprad";84;219;303
2020-12-08;"Okres Považská Bystrica";99;227;326
2020-12-08;"Okres Prešov";55;204;259
2020-12-08;"Okres Prievidza";85;245;330
2020-12-08;"Okres Púchov";68;139;207
2020-12-08;"Okres Revúca";12;61;73
2020-12-08;"Okres Rimavská Sobota";26;158;184
2020-12-08;"Okres Rožňava";12;126;138
2020-12-08;"Okres Ružomberok";29;97;126
2020-12-08;"Okres Sabinov";8;40;48
2020-12-08;"Okres Senec";17;196;213
2020-12-08;"Okres Senica";26;41;67
2020-12-08;"Okres Skalica";11;30;41
2020-12-08;"Okres Snina";6;49;55
2020-12-08;"Okres Sobrance";7;20;27
2020-12-08;"Okres Spišská Nová Ves";22;101;123
2020-12-08;"Okres Stará Ľubovňa";27;124;151
2020-12-08;"Okres Stropkov";14;29;43
2020-12-08;"Okres Svidník";24;76;100
2020-12-08;"Okres Šaľa";20;55;75
2020-12-08;"Okres Topoľčany";31;82;113
2020-12-08;"Okres Trebišov";38;180;218
2020-12-08;"Okres Trenčín";121;425;546
2020-12-08;"Okres Trnava";52;147;199
2020-12-08;"Okres Turčianske Teplice";8;32;40
2020-12-08;"Okres Tvrdošín";6;39;45
2020-12-08;"Okres Veľký Krtíš";13;30;43
2020-12-08;"Okres Vranov nad Topľou";29;86;115
2020-12-08;"Okres Zlaté Moravce";16;73;89
2020-12-08;"Okres Zvolen";32;173;205
2020-12-08;"Okres Žarnovica";2;30;32
2020-12-08;"Okres Žiar nad Hronom";18;67;85
2020-12-08;"Okres Žilina";87;245;332
2020-12-08;NA;35;347;382
2020-12-07;"Neznáme";273;1020;1293
2020-12-07;"Okres Bánovce nad Bebravou";8;19;27
2020-12-07;"Okres Banská Bystrica";26;151;177
2020-12-07;"Okres Banská Štiavnica";0;18;18
2020-12-07;"Okres Bardejov";7;36;43
2020-12-07;"Okres Bratislava I";18;143;161
2020-12-07;"Okres Bratislava II";33;290;323
2020-12-07;"Okres Bratislava III";25;180;205
2020-12-07;"Okres Bratislava IV";38;216;254
2020-12-07;"Okres Bratislava V";51;261;312
2020-12-07;"Okres Brezno";11;31;42
2020-12-07;"Okres Bytča";24;34;58
2020-12-07;"Okres Čadca";33;91;124
2020-12-07;"Okres Detva";9;71;80
2020-12-07;"Okres Dolný Kubín";5;35;40
2020-12-07;"Okres Dunajská Streda";8;56;64
2020-12-07;"Okres Galanta";8;52;60
2020-12-07;"Okres Gelnica";19;22;41
2020-12-07;"Okres Hlohovec";12;48;60
2020-12-07;"Okres Humenné";39;72;111
2020-12-07;"Okres Ilava";22;32;54
2020-12-07;"Okres Kežmarok";9;30;39
2020-12-07;"Okres Komárno";8;28;36
2020-12-07;"Okres Košice - okolie";27;184;211
2020-12-07;"Okres Košice I";9;39;48
2020-12-07;"Okres Košice II";12;59;71
2020-12-07;"Okres Košice III";2;17;19
2020-12-07;"Okres Košice IV";5;20;25
2020-12-07;"Okres Krupina";2;41;43
2020-12-07;"Okres Kysucké Nové Mesto";21;56;77
2020-12-07;"Okres Levice";13;30;43
2020-12-07;"Okres Levoča";13;46;59
2020-12-07;"Okres Liptovský Mikuláš";59;87;146
2020-12-07;"Okres Lučenec";41;123;164
2020-12-07;"Okres Malacky";26;108;134
2020-12-07;"Okres Martin";83;359;442
2020-12-07;"Okres Medzilaborce";3;8;11
2020-12-07;"Okres Michalovce";30;100;130
2020-12-07;"Okres Myjava";24;49;73
2020-12-07;"Okres Námestovo";4;35;39
2020-12-07;"Okres Nitra";20;60;80
2020-12-07;"Okres Nové Mesto nad Váhom";24;135;159
2020-12-07;"Okres Nové Zámky";26;133;159
2020-12-07;"Okres Partizánske";0;6;6
2020-12-07;"Okres Pezinok";26;110;136
2020-12-07;"Okres Piešťany";27;91;118
2020-12-07;"Okres Poltár";13;39;52
2020-12-07;"Okres Poprad";23;73;96
2020-12-07;"Okres Považská Bystrica";32;51;83
2020-12-07;"Okres Prešov";123;364;487
2020-12-07;"Okres Prievidza";9;31;40
2020-12-07;"Okres Púchov";11;32;43
2020-12-07;"Okres Revúca";9;54;63
2020-12-07;"Okres Rimavská Sobota";33;160;193
2020-12-07;"Okres Rožňava";0;13;13
2020-12-07;"Okres Ružomberok";20;46;66
2020-12-07;"Okres Sabinov";11;73;84
2020-12-07;"Okres Senec";37;181;218
2020-12-07;"Okres Senica";16;52;68
2020-12-07;"Okres Skalica";9;24;33
2020-12-07;"Okres Snina";3;14;17
2020-12-07;"Okres Sobrance";5;19;24
2020-12-07;"Okres Spišská Nová Ves";62;153;215
2020-12-07;"Okres Stará Ľubovňa";5;14;19
2020-12-07;"Okres Stropkov";10;14;24
2020-12-07;"Okres Svidník";43;74;117
2020-12-07;"Okres Šaľa";0;15;15
2020-12-07;"Okres Topoľčany";26;69;95
2020-12-07;"Okres Trebišov";40;99;139
2020-12-07;"Okres Trenčín";91;226;317
2020-12-07;"Okres Trnava";70;230;300
2020-12-07;"Okres Turčianske Teplice";4;19;23
2020-12-07;"Okres Tvrdošín";4;30;34
2020-12-07;"Okres Veľký Krtíš";16;32;48
2020-12-07;"Okres Vranov nad Topľou";51;140;191
2020-12-07;"Okres Zlaté Moravce";4;13;17
2020-12-07;"Okres Zvolen";22;246;268
2020-12-07;"Okres Žarnovica";3;12;15
2020-12-07;"Okres Žiar nad Hronom";10;37;47
2020-12-07;"Okres Žilina";83;225;308
2020-12-07;NA;65;393;458
2020-12-06;"Neznáme";12;114;126
2020-12-06;"Okres Bánovce nad Bebravou";8;25;33
2020-12-06;"Okres Banská Bystrica";49;143;192
2020-12-06;"Okres Banská Štiavnica";4;11;15
2020-12-06;"Okres Bardejov";2;14;16
2020-12-06;"Okres Bratislava I";6;58;64
2020-12-06;"Okres Bratislava II";6;85;91
2020-12-06;"Okres Bratislava III";5;72;77
2020-12-06;"Okres Bratislava IV";11;88;99
2020-12-06;"Okres Bratislava V";14;96;110
2020-12-06;"Okres Brezno";9;38;47
2020-12-06;"Okres Čadca";3;8;11
2020-12-06;"Okres Detva";14;52;66
2020-12-06;"Okres Dolný Kubín";0;5;5
2020-12-06;"Okres Dunajská Streda";13;91;104
2020-12-06;"Okres Galanta";4;18;22
2020-12-06;"Okres Gelnica";8;14;22
2020-12-06;"Okres Hlohovec";3;23;26
2020-12-06;"Okres Humenné";11;15;26
2020-12-06;"Okres Ilava";9;15;24
2020-12-06;"Okres Kežmarok";1;3;4
2020-12-06;"Okres Komárno";2;14;16
2020-12-06;"Okres Košice - okolie";15;70;85
2020-12-06;"Okres Košice I";7;20;27
2020-12-06;"Okres Košice II";1;26;27
2020-12-06;"Okres Košice III";2;13;15
2020-12-06;"Okres Košice IV";0;7;7
2020-12-06;"Okres Krupina";2;26;28
2020-12-06;"Okres Kysucké Nové Mesto";0;1;1
2020-12-06;"Okres Levice";8;178;186
2020-12-06;"Okres Levoča";9;29;38
2020-12-06;"Okres Liptovský Mikuláš";1;12;13
2020-12-06;"Okres Lučenec";1;9;10
2020-12-06;"Okres Malacky";8;36;44
2020-12-06;"Okres Martin";2;13;15
2020-12-06;"Okres Medzilaborce";1;5;6
2020-12-06;"Okres Michalovce";21;69;90
2020-12-06;"Okres Myjava";3;1;4
2020-12-06;"Okres Námestovo";1;39;40
2020-12-06;"Okres Nitra";3;11;14
2020-12-06;"Okres Nové Mesto nad Váhom";29;93;122
2020-12-06;"Okres Nové Zámky";3;10;13
2020-12-06;"Okres Partizánske";11;37;48
2020-12-06;"Okres Pezinok";3;46;49
2020-12-06;"Okres Piešťany";3;23;26
2020-12-06;"Okres Poltár";0;4;4
2020-12-06;"Okres Poprad";6;11;17
2020-12-06;"Okres Považská Bystrica";1;5;6
2020-12-06;"Okres Prešov";1;28;29
2020-12-06;"Okres Prievidza";12;38;50
2020-12-06;"Okres Púchov";6;3;9
2020-12-06;"Okres Revúca";4;24;28
2020-12-06;"Okres Rimavská Sobota";3;12;15
2020-12-06;"Okres Rožňava";1;12;13
2020-12-06;"Okres Ružomberok";4;13;17
2020-12-06;"Okres Sabinov";2;9;11
2020-12-06;"Okres Senec";5;63;68
2020-12-06;"Okres Senica";1;3;4
2020-12-06;"Okres Skalica";1;2;3
2020-12-06;"Okres Snina";2;2;4
2020-12-06;"Okres Sobrance";2;13;15
2020-12-06;"Okres Spišská Nová Ves";38;127;165
2020-12-06;"Okres Stará Ľubovňa";0;5;5
2020-12-06;"Okres Stropkov";6;17;23
2020-12-06;"Okres Svidník";15;32;47
2020-12-06;"Okres Šaľa";0;7;7
2020-12-06;"Okres Topoľčany";1;10;11
2020-12-06;"Okres Trebišov";11;42;53
2020-12-06;"Okres Trenčín";34;130;164
2020-12-06;"Okres Trnava";21;82;103
2020-12-06;"Okres Turčianske Teplice";0;4;4
2020-12-06;"Okres Tvrdošín";0;12;12
2020-12-06;"Okres Veľký Krtíš";0;1;1
2020-12-06;"Okres Vranov nad Topľou";6;18;24
2020-12-06;"Okres Zlaté Moravce";0;8;8
2020-12-06;"Okres Zvolen";25;130;155
2020-12-06;"Okres Žarnovica";3;26;29
2020-12-06;"Okres Žiar nad Hronom";14;36;50
2020-12-06;"Okres Žilina";0;5;5
2020-12-06;NA;19;133;152
2020-12-05;"Neznáme";204;742;946
2020-12-05;"Okres Bánovce nad Bebravou";6;60;66
2020-12-05;"Okres Banská Bystrica";46;149;195
2020-12-05;"Okres Banská Štiavnica";2;2;4
2020-12-05;"Okres Bardejov";17;52;69
2020-12-05;"Okres Bratislava I";8;97;105
2020-12-05;"Okres Bratislava II";37;183;220
2020-12-05;"Okres Bratislava III";21;129;150
2020-12-05;"Okres Bratislava IV";30;168;198
2020-12-05;"Okres Bratislava V";88;328;416
2020-12-05;"Okres Brezno";6;26;32
2020-12-05;"Okres Bytča";8;11;19
2020-12-05;"Okres Čadca";37;116;153
2020-12-05;"Okres Detva";4;24;28
2020-12-05;"Okres Dolný Kubín";0;8;8
2020-12-05;"Okres Dunajská Streda";15;137;152
2020-12-05;"Okres Galanta";5;43;48
2020-12-05;"Okres Gelnica";3;15;18
2020-12-05;"Okres Hlohovec";5;47;52
2020-12-05;"Okres Humenné";4;27;31
2020-12-05;"Okres Ilava";28;112;140
2020-12-05;"Okres Kežmarok";9;43;52
2020-12-05;"Okres Komárno";10;47;57
2020-12-05;"Okres Košice - okolie";15;73;88
2020-12-05;"Okres Košice I";0;14;14
2020-12-05;"Okres Košice II";9;11;20
2020-12-05;"Okres Košice III";1;2;3
2020-12-05;"Okres Košice IV";1;13;14
2020-12-05;"Okres Krupina";0;13;13
2020-12-05;"Okres Kysucké Nové Mesto";3;12;15
2020-12-05;"Okres Levice";0;22;22
2020-12-05;"Okres Levoča";3;14;17
2020-12-05;"Okres Liptovský Mikuláš";1;13;14
2020-12-05;"Okres Lučenec";3;10;13
2020-12-05;"Okres Malacky";39;122;161
2020-12-05;"Okres Martin";6;66;72
2020-12-05;"Okres Medzilaborce";0;3;3
2020-12-05;"Okres Michalovce";23;116;139
2020-12-05;"Okres Myjava";0;4;4
2020-12-05;"Okres Námestovo";2;8;10
2020-12-05;"Okres Nitra";11;66;77
2020-12-05;"Okres Nové Mesto nad Váhom";7;27;34
2020-12-05;"Okres Nové Zámky";30;72;102
2020-12-05;"Okres Partizánske";1;10;11
2020-12-05;"Okres Pezinok";15;94;109
2020-12-05;"Okres Piešťany";2;69;71
2020-12-05;"Okres Poltár";0;8;8
2020-12-05;"Okres Poprad";33;114;147
2020-12-05;"Okres Považská Bystrica";46;86;132
2020-12-05;"Okres Prešov";23;143;166
2020-12-05;"Okres Prievidza";33;87;120
2020-12-05;"Okres Púchov";48;82;130
2020-12-05;"Okres Revúca";1;13;14
2020-12-05;"Okres Rimavská Sobota";29;72;101
2020-12-05;"Okres Rožňava";5;61;66
2020-12-05;"Okres Ružomberok";6;34;40
2020-12-05;"Okres Sabinov";38;122;160
2020-12-05;"Okres Senec";22;137;159
2020-12-05;"Okres Senica";21;24;45
2020-12-05;"Okres Skalica";6;26;32
2020-12-05;"Okres Snina";24;19;43
2020-12-05;"Okres Sobrance";1;11;12
2020-12-05;"Okres Spišská Nová Ves";2;30;32
2020-12-05;"Okres Stará Ľubovňa";66;177;243
2020-12-05;"Okres Stropkov";1;23;24
2020-12-05;"Okres Svidník";8;32;40
2020-12-05;"Okres Šaľa";4;41;45
2020-12-05;"Okres Topoľčany";2;14;16
2020-12-05;"Okres Trebišov";6;69;75
2020-12-05;"Okres Trenčín";60;183;243
2020-12-05;"Okres Trnava";19;331;350
2020-12-05;"Okres Turčianske Teplice";0;6;6
2020-12-05;"Okres Tvrdošín";0;11;11
2020-12-05;"Okres Veľký Krtíš";3;5;8
2020-12-05;"Okres Vranov nad Topľou";35;90;125
2020-12-05;"Okres Zlaté Moravce";0;10;10
2020-12-05;"Okres Zvolen";17;37;54
2020-12-05;"Okres Žarnovica";3;11;14
2020-12-05;"Okres Žiar nad Hronom";3;10;13
2020-12-05;"Okres Žilina";31;79;110
2020-12-05;NA;29;187;216
2020-12-04;"Neznáme";201;1341;1542
2020-12-04;"Okres Bánovce nad Bebravou";9;25;34
2020-12-04;"Okres Banská Bystrica";42;257;299
2020-12-04;"Okres Banská Štiavnica";1;25;26
2020-12-04;"Okres Bardejov";10;58;68
2020-12-04;"Okres Bratislava I";11;168;179
2020-12-04;"Okres Bratislava II";37;269;306
2020-12-04;"Okres Bratislava III";17;169;186
2020-12-04;"Okres Bratislava IV";21;228;249
2020-12-04;"Okres Bratislava V";32;291;323
2020-12-04;"Okres Brezno";22;76;98
2020-12-04;"Okres Bytča";5;46;51
2020-12-04;"Okres Čadca";26;104;130
2020-12-04;"Okres Detva";13;73;86
2020-12-04;"Okres Dolný Kubín";5;31;36
2020-12-04;"Okres Dunajská Streda";42;188;230
2020-12-04;"Okres Galanta";35;116;151
2020-12-04;"Okres Gelnica";6;25;31
2020-12-04;"Okres Hlohovec";17;74;91
2020-12-04;"Okres Humenné";36;115;151
2020-12-04;"Okres Ilava";36;129;165
2020-12-04;"Okres Kežmarok";18;97;115
2020-12-04;"Okres Komárno";6;72;78
2020-12-04;"Okres Košice - okolie";36;176;212
2020-12-04;"Okres Košice I";6;36;42
2020-12-04;"Okres Košice II";13;38;51
2020-12-04;"Okres Košice III";1;7;8
2020-12-04;"Okres Košice IV";3;26;29
2020-12-04;"Okres Krupina";12;38;50
2020-12-04;"Okres Kysucké Nové Mesto";11;18;29
2020-12-04;"Okres Levice";20;118;138
2020-12-04;"Okres Levoča";8;46;54
2020-12-04;"Okres Liptovský Mikuláš";44;150;194
2020-12-04;"Okres Lučenec";18;118;136
2020-12-04;"Okres Malacky";26;153;179
2020-12-04;"Okres Martin";28;221;249
2020-12-04;"Okres Medzilaborce";4;11;15
2020-12-04;"Okres Michalovce";33;174;207
2020-12-04;"Okres Myjava";6;50;56
2020-12-04;"Okres Námestovo";3;35;38
2020-12-04;"Okres Nitra";45;183;228
2020-12-04;"Okres Nové Mesto nad Váhom";30;132;162
2020-12-04;"Okres Nové Zámky";49;120;169
2020-12-04;"Okres Partizánske";0;27;27
2020-12-04;"Okres Pezinok";16;107;123
2020-12-04;"Okres Piešťany";28;93;121
2020-12-04;"Okres Poltár";17;54;71
2020-12-04;"Okres Poprad";75;190;265
2020-12-04;"Okres Považská Bystrica";26;61;87
2020-12-04;"Okres Prešov";73;316;389
2020-12-04;"Okres Prievidza";19;147;166
2020-12-04;"Okres Púchov";29;42;71
2020-12-04;"Okres Revúca";33;82;115
2020-12-04;"Okres Rimavská Sobota";118;293;411
2020-12-04;"Okres Rožňava";7;84;91
2020-12-04;"Okres Ružomberok";23;54;77
2020-12-04;"Okres Sabinov";26;62;88
2020-12-04;"Okres Senec";27;174;201
2020-12-04;"Okres Senica";45;82;127
2020-12-04;"Okres Skalica";1;46;47
2020-12-04;"Okres Snina";11;60;71
2020-12-04;"Okres Sobrance";7;22;29
2020-12-04;"Okres Spišská Nová Ves";49;181;230
2020-12-04;"Okres Stará Ľubovňa";27;133;160
2020-12-04;"Okres Stropkov";10;25;35
2020-12-04;"Okres Svidník";22;61;83
2020-12-04;"Okres Šaľa";21;68;89
2020-12-04;"Okres Topoľčany";16;60;76
2020-12-04;"Okres Trebišov";46;247;293
2020-12-04;"Okres Trenčín";94;241;335
2020-12-04;"Okres Trnava";82;307;389
2020-12-04;"Okres Turčianske Teplice";1;15;16
2020-12-04;"Okres Tvrdošín";3;19;22
2020-12-04;"Okres Veľký Krtíš";29;116;145
2020-12-04;"Okres Vranov nad Topľou";57;181;238
2020-12-04;"Okres Zlaté Moravce";5;27;32
2020-12-04;"Okres Zvolen";30;248;278
2020-12-04;"Okres Žarnovica";4;41;45
2020-12-04;"Okres Žiar nad Hronom";18;88;106
2020-12-04;"Okres Žilina";60;201;261
2020-12-04;NA;33;356;389
2020-12-03;"Neznáme";256;1013;1269
2020-12-03;"Okres Bánovce nad Bebravou";43;84;127
2020-12-03;"Okres Banská Bystrica";65;177;242
2020-12-03;"Okres Banská Štiavnica";3;28;31
2020-12-03;"Okres Bardejov";12;65;77
2020-12-03;"Okres Bratislava I";16;151;167
2020-12-03;"Okres Bratislava II";33;286;319
2020-12-03;"Okres Bratislava III";15;150;165
2020-12-03;"Okres Bratislava IV";26;208;234
2020-12-03;"Okres Bratislava V";39;197;236
2020-12-03;"Okres Brezno";21;59;80
2020-12-03;"Okres Bytča";14;38;52
2020-12-03;"Okres Čadca";35;86;121
2020-12-03;"Okres Detva";24;89;113
2020-12-03;"Okres Dolný Kubín";6;33;39
2020-12-03;"Okres Dunajská Streda";62;234;296
2020-12-03;"Okres Galanta";28;107;135
2020-12-03;"Okres Gelnica";10;20;30
2020-12-03;"Okres Hlohovec";12;59;71
2020-12-03;"Okres Humenné";37;72;109
2020-12-03;"Okres Ilava";41;117;158
2020-12-03;"Okres Kežmarok";12;92;104
2020-12-03;"Okres Komárno";28;108;136
2020-12-03;"Okres Košice - okolie";17;104;121
2020-12-03;"Okres Košice I";7;23;30
2020-12-03;"Okres Košice II";11;31;42
2020-12-03;"Okres Košice III";2;7;9
2020-12-03;"Okres Košice IV";4;13;17
2020-12-03;"Okres Krupina";17;54;71
2020-12-03;"Okres Kysucké Nové Mesto";5;22;27
2020-12-03;"Okres Levice";20;119;139
2020-12-03;"Okres Levoča";15;84;99
2020-12-03;"Okres Liptovský Mikuláš";23;58;81
2020-12-03;"Okres Lučenec";4;73;77
2020-12-03;"Okres Malacky";9;68;77
2020-12-03;"Okres Martin";73;138;211
2020-12-03;"Okres Medzilaborce";6;10;16
2020-12-03;"Okres Michalovce";35;158;193
2020-12-03;"Okres Myjava";16;85;101
2020-12-03;"Okres Námestovo";6;32;38
2020-12-03;"Okres Nitra";35;145;180
2020-12-03;"Okres Nové Mesto nad Váhom";40;157;197
2020-12-03;"Okres Nové Zámky";56;123;179
2020-12-03;"Okres Partizánske";22;38;60
2020-12-03;"Okres Pezinok";23;83;106
2020-12-03;"Okres Piešťany";32;95;127
2020-12-03;"Okres Poltár";0;8;8
2020-12-03;"Okres Poprad";58;136;194
2020-12-03;"Okres Považská Bystrica";90;169;259
2020-12-03;"Okres Prešov";50;193;243
2020-12-03;"Okres Prievidza";77;124;201
2020-12-03;"Okres Púchov";82;99;181
2020-12-03;"Okres Revúca";3;33;36
2020-12-03;"Okres Rimavská Sobota";27;76;103
2020-12-03;"Okres Rožňava";10;67;77
2020-12-03;"Okres Ružomberok";6;52;58
2020-12-03;"Okres Sabinov";15;53;68
2020-12-03;"Okres Senec";30;149;179
2020-12-03;"Okres Senica";6;63;69
2020-12-03;"Okres Skalica";7;10;17
2020-12-03;"Okres Snina";22;41;63
2020-12-03;"Okres Sobrance";10;21;31
2020-12-03;"Okres Spišská Nová Ves";51;193;244
2020-12-03;"Okres Stará Ľubovňa";13;41;54
2020-12-03;"Okres Stropkov";4;22;26
2020-12-03;"Okres Svidník";11;48;59
2020-12-03;"Okres Šaľa";4;45;49
2020-12-03;"Okres Topoľčany";28;84;112
2020-12-03;"Okres Trebišov";26;183;209
2020-12-03;"Okres Trenčín";97;297;394
2020-12-03;"Okres Trnava";77;245;322
2020-12-03;"Okres Turčianske Teplice";6;11;17
2020-12-03;"Okres Tvrdošín";3;22;25
2020-12-03;"Okres Veľký Krtíš";35;62;97
2020-12-03;"Okres Vranov nad Topľou";59;299;358
2020-12-03;"Okres Zlaté Moravce";14;46;60
2020-12-03;"Okres Zvolen";29;231;260
2020-12-03;"Okres Žarnovica";10;25;35
2020-12-03;"Okres Žiar nad Hronom";15;104;119
2020-12-03;"Okres Žilina";53;220;273
2020-12-03;NA;35;177;212
2020-12-02;"Neznáme";238;962;1200
2020-12-02;"Okres Bánovce nad Bebravou";5;33;38
2020-12-02;"Okres Banská Bystrica";53;168;221
2020-12-02;"Okres Banská Štiavnica";2;13;15
2020-12-02;"Okres Bardejov";14;92;106
2020-12-02;"Okres Bratislava I";12;122;134
2020-12-02;"Okres Bratislava II";33;294;327
2020-12-02;"Okres Bratislava III";20;149;169
2020-12-02;"Okres Bratislava IV";29;201;230
2020-12-02;"Okres Bratislava V";39;225;264
2020-12-02;"Okres Brezno";12;25;37
2020-12-02;"Okres Bytča";15;20;35
2020-12-02;"Okres Čadca";24;72;96
2020-12-02;"Okres Detva";11;69;80
2020-12-02;"Okres Dolný Kubín";1;10;11
2020-12-02;"Okres Dunajská Streda";65;231;296
2020-12-02;"Okres Galanta";51;139;190
2020-12-02;"Okres Gelnica";11;25;36
2020-12-02;"Okres Hlohovec";24;193;217
2020-12-02;"Okres Humenné";6;22;28
2020-12-02;"Okres Ilava";52;107;159
2020-12-02;"Okres Kežmarok";33;107;140
2020-12-02;"Okres Komárno";32;148;180
2020-12-02;"Okres Košice - okolie";18;85;103
2020-12-02;"Okres Košice I";1;7;8
2020-12-02;"Okres Košice II";7;19;26
2020-12-02;"Okres Košice III";0;6;6
2020-12-02;"Okres Košice IV";1;3;4
2020-12-02;"Okres Krupina";2;18;20
2020-12-02;"Okres Kysucké Nové Mesto";8;14;22
2020-12-02;"Okres Levice";10;70;80
2020-12-02;"Okres Levoča";19;91;110
2020-12-02;"Okres Liptovský Mikuláš";36;86;122
2020-12-02;"Okres Lučenec";31;125;156
2020-12-02;"Okres Malacky";19;138;157
2020-12-02;"Okres Martin";36;123;159
2020-12-02;"Okres Medzilaborce";2;5;7
2020-12-02;"Okres Michalovce";26;118;144
2020-12-02;"Okres Myjava";3;32;35
2020-12-02;"Okres Námestovo";0;12;12
2020-12-02;"Okres Nitra";48;190;238
2020-12-02;"Okres Nové Mesto nad Váhom";30;177;207
2020-12-02;"Okres Nové Zámky";41;128;169
2020-12-02;"Okres Partizánske";1;14;15
2020-12-02;"Okres Pezinok";27;104;131
2020-12-02;"Okres Piešťany";19;64;83
2020-12-02;"Okres Poltár";8;15;23
2020-12-02;"Okres Poprad";50;175;225
2020-12-02;"Okres Považská Bystrica";44;101;145
2020-12-02;"Okres Prešov";40;143;183
2020-12-02;"Okres Prievidza";59;64;123
2020-12-02;"Okres Púchov";86;175;261
2020-12-02;"Okres Revúca";3;6;9
2020-12-02;"Okres Rimavská Sobota";26;53;79
2020-12-02;"Okres Rožňava";11;49;60
2020-12-02;"Okres Ružomberok";10;37;47
2020-12-02;"Okres Sabinov";13;51;64
2020-12-02;"Okres Senec";29;169;198
2020-12-02;"Okres Senica";11;40;51
2020-12-02;"Okres Skalica";6;20;26
2020-12-02;"Okres Snina";21;34;55
2020-12-02;"Okres Sobrance";4;13;17
2020-12-02;"Okres Spišská Nová Ves";50;226;276
2020-12-02;"Okres Stará Ľubovňa";21;150;171
2020-12-02;"Okres Stropkov";6;39;45
2020-12-02;"Okres Svidník";4;89;93
2020-12-02;"Okres Šaľa";16;80;96
2020-12-02;"Okres Topoľčany";21;46;67
2020-12-02;"Okres Trebišov";34;88;122
2020-12-02;"Okres Trenčín";126;310;436
2020-12-02;"Okres Trnava";69;204;273
2020-12-02;"Okres Turčianske Teplice";2;10;12
2020-12-02;"Okres Tvrdošín";0;5;5
2020-12-02;"Okres Veľký Krtíš";19;122;141
2020-12-02;"Okres Vranov nad Topľou";17;49;66
2020-12-02;"Okres Zlaté Moravce";6;26;32
2020-12-02;"Okres Zvolen";38;113;151
2020-12-02;"Okres Žarnovica";15;33;48
2020-12-02;"Okres Žiar nad Hronom";21;39;60
2020-12-02;"Okres Žilina";39;145;184
2020-12-02;NA;31;166;197
2020-12-01;"Neznáme";205;1081;1286
2020-12-01;"Okres Bánovce nad Bebravou";11;97;108
2020-12-01;"Okres Banská Bystrica";45;142;187
2020-12-01;"Okres Banská Štiavnica";1;7;8
2020-12-01;"Okres Bardejov";65;148;213
2020-12-01;"Okres Bratislava I";13;120;133
2020-12-01;"Okres Bratislava II";34;270;304
2020-12-01;"Okres Bratislava III";27;170;197
2020-12-01;"Okres Bratislava IV";28;197;225
2020-12-01;"Okres Bratislava V";42;239;281
2020-12-01;"Okres Brezno";12;33;45
2020-12-01;"Okres Bytča";18;37;55
2020-12-01;"Okres Čadca";40;102;142
2020-12-01;"Okres Detva";6;37;43
2020-12-01;"Okres Dolný Kubín";4;48;52
2020-12-01;"Okres Dunajská Streda";73;193;266
2020-12-01;"Okres Galanta";36;90;126
2020-12-01;"Okres Gelnica";1;25;26
2020-12-01;"Okres Hlohovec";22;49;71
2020-12-01;"Okres Humenné";7;60;67
2020-12-01;"Okres Ilava";46;104;150
2020-12-01;"Okres Kežmarok";7;74;81
2020-12-01;"Okres Komárno";18;254;272
2020-12-01;"Okres Košice - okolie";27;132;159
2020-12-01;"Okres Košice I";9;26;35
2020-12-01;"Okres Košice II";10;44;54
2020-12-01;"Okres Košice III";1;16;17
2020-12-01;"Okres Košice IV";3;19;22
2020-12-01;"Okres Krupina";12;23;35
2020-12-01;"Okres Kysucké Nové Mesto";11;25;36
2020-12-01;"Okres Levice";75;173;248
2020-12-01;"Okres Levoča";8;34;42
2020-12-01;"Okres Liptovský Mikuláš";15;41;56
2020-12-01;"Okres Lučenec";49;76;125
2020-12-01;"Okres Malacky";65;85;150
2020-12-01;"Okres Martin";34;184;218
2020-12-01;"Okres Medzilaborce";2;10;12
2020-12-01;"Okres Michalovce";33;116;149
2020-12-01;"Okres Myjava";11;51;62
2020-12-01;"Okres Námestovo";10;67;77
2020-12-01;"Okres Nitra";45;173;218
2020-12-01;"Okres Nové Mesto nad Váhom";13;36;49
2020-12-01;"Okres Nové Zámky";48;180;228
2020-12-01;"Okres Partizánske";14;53;67
2020-12-01;"Okres Pezinok";13;107;120
2020-12-01;"Okres Piešťany";23;65;88
2020-12-01;"Okres Poltár";8;17;25
2020-12-01;"Okres Poprad";63;186;249
2020-12-01;"Okres Považská Bystrica";52;163;215
2020-12-01;"Okres Prešov";106;358;464
2020-12-01;"Okres Prievidza";68;122;190
2020-12-01;"Okres Púchov";48;74;122
2020-12-01;"Okres Revúca";8;32;40
2020-12-01;"Okres Rimavská Sobota";36;114;150
2020-12-01;"Okres Rožňava";8;60;68
2020-12-01;"Okres Ružomberok";21;89;110
2020-12-01;"Okres Sabinov";7;69;76
2020-12-01;"Okres Senec";19;153;172
2020-12-01;"Okres Senica";18;50;68
2020-12-01;"Okres Skalica";6;12;18
2020-12-01;"Okres Snina";8;25;33
2020-12-01;"Okres Sobrance";2;22;24
2020-12-01;"Okres Spišská Nová Ves";8;46;54
2020-12-01;"Okres Stará Ľubovňa";26;127;153
2020-12-01;"Okres Stropkov";2;22;24
2020-12-01;"Okres Svidník";15;39;54
2020-12-01;"Okres Šaľa";19;91;110
2020-12-01;"Okres Topoľčany";34;88;122
2020-12-01;"Okres Trebišov";36;122;158
2020-12-01;"Okres Trenčín";68;376;444
2020-12-01;"Okres Trnava";59;231;290
2020-12-01;"Okres Turčianske Teplice";1;10;11
2020-12-01;"Okres Tvrdošín";4;24;28
2020-12-01;"Okres Veľký Krtíš";23;53;76
2020-12-01;"Okres Vranov nad Topľou";28;110;138
2020-12-01;"Okres Zlaté Moravce";11;64;75
2020-12-01;"Okres Zvolen";32;99;131
2020-12-01;"Okres Žarnovica";6;17;23
2020-12-01;"Okres Žiar nad Hronom";10;63;73
2020-12-01;"Okres Žilina";44;197;241
2020-12-01;"Zahraničie";0;1;1
2020-12-01;NA;42;259;301
2020-11-30;"Neznáme";166;890;1056
2020-11-30;"Okres Bánovce nad Bebravou";5;19;24
2020-11-30;"Okres Banská Bystrica";12;78;90
2020-11-30;"Okres Banská Štiavnica";3;13;16
2020-11-30;"Okres Bardejov";3;33;36
2020-11-30;"Okres Bratislava I";12;80;92
2020-11-30;"Okres Bratislava II";32;151;183
2020-11-30;"Okres Bratislava III";16;100;116
2020-11-30;"Okres Bratislava IV";16;104;120
2020-11-30;"Okres Bratislava V";26;143;169
2020-11-30;"Okres Brezno";8;38;46
2020-11-30;"Okres Bytča";12;37;49
2020-11-30;"Okres Čadca";19;38;57
2020-11-30;"Okres Detva";11;50;61
2020-11-30;"Okres Dolný Kubín";2;28;30
2020-11-30;"Okres Dunajská Streda";21;102;123
2020-11-30;"Okres Galanta";21;88;109
2020-11-30;"Okres Gelnica";6;38;44
2020-11-30;"Okres Hlohovec";21;54;75
2020-11-30;"Okres Humenné";16;76;92
2020-11-30;"Okres Ilava";10;34;44
2020-11-30;"Okres Kežmarok";18;60;78
2020-11-30;"Okres Komárno";6;74;80
2020-11-30;"Okres Košice - okolie";18;98;116
2020-11-30;"Okres Košice I";6;22;28
2020-11-30;"Okres Košice II";5;21;26
2020-11-30;"Okres Košice III";1;1;2
2020-11-30;"Okres Košice IV";3;7;10
2020-11-30;"Okres Krupina";1;25;26
2020-11-30;"Okres Kysucké Nové Mesto";10;47;57
2020-11-30;"Okres Levice";12;53;65
2020-11-30;"Okres Levoča";13;40;53
2020-11-30;"Okres Liptovský Mikuláš";25;115;140
2020-11-30;"Okres Lučenec";9;60;69
2020-11-30;"Okres Malacky";10;39;49
2020-11-30;"Okres Martin";50;191;241
2020-11-30;"Okres Medzilaborce";3;11;14
2020-11-30;"Okres Michalovce";23;71;94
2020-11-30;"Okres Myjava";7;60;67
2020-11-30;"Okres Námestovo";1;43;44
2020-11-30;"Okres Nitra";7;86;93
2020-11-30;"Okres Nové Mesto nad Váhom";33;124;157
2020-11-30;"Okres Nové Zámky";25;119;144
2020-11-30;"Okres Partizánske";0;15;15
2020-11-30;"Okres Pezinok";13;51;64
2020-11-30;"Okres Piešťany";30;77;107
2020-11-30;"Okres Poltár";0;8;8
2020-11-30;"Okres Poprad";13;57;70
2020-11-30;"Okres Považská Bystrica";30;82;112
2020-11-30;"Okres Prešov";67;298;365
2020-11-30;"Okres Prievidza";34;103;137
2020-11-30;"Okres Púchov";15;23;38
2020-11-30;"Okres Revúca";1;12;13
2020-11-30;"Okres Rimavská Sobota";15;79;94
2020-11-30;"Okres Rožňava";1;10;11
2020-11-30;"Okres Ružomberok";16;60;76
2020-11-30;"Okres Sabinov";2;55;57
2020-11-30;"Okres Senec";23;107;130
2020-11-30;"Okres Senica";14;45;59
2020-11-30;"Okres Skalica";8;31;39
2020-11-30;"Okres Snina";15;36;51
2020-11-30;"Okres Sobrance";3;6;9
2020-11-30;"Okres Spišská Nová Ves";63;182;245
2020-11-30;"Okres Stará Ľubovňa";1;17;18
2020-11-30;"Okres Stropkov";11;48;59
2020-11-30;"Okres Svidník";18;66;84
2020-11-30;"Okres Šaľa";3;28;31
2020-11-30;"Okres Topoľčany";6;18;24
2020-11-30;"Okres Trebišov";36;127;163
2020-11-30;"Okres Trenčín";39;251;290
2020-11-30;"Okres Trnava";75;190;265
2020-11-30;"Okres Turčianske Teplice";12;19;31
2020-11-30;"Okres Tvrdošín";0;14;14
2020-11-30;"Okres Veľký Krtíš";4;19;23
2020-11-30;"Okres Vranov nad Topľou";30;128;158
2020-11-30;"Okres Zlaté Moravce";3;18;21
2020-11-30;"Okres Zvolen";20;142;162
2020-11-30;"Okres Žarnovica";4;19;23
2020-11-30;"Okres Žiar nad Hronom";8;61;69
2020-11-30;"Okres Žilina";57;261;318
2020-11-30;NA;24;229;253
2020-11-29;"Neznáme";9;101;110
2020-11-29;"Okres Bánovce nad Bebravou";1;5;6
2020-11-29;"Okres Banská Bystrica";8;50;58
2020-11-29;"Okres Bardejov";0;2;2
2020-11-29;"Okres Bratislava I";3;18;21
2020-11-29;"Okres Bratislava II";8;33;41
2020-11-29;"Okres Bratislava III";13;20;33
2020-11-29;"Okres Bratislava IV";12;25;37
2020-11-29;"Okres Bratislava V";6;21;27
2020-11-29;"Okres Brezno";3;12;15
2020-11-29;"Okres Bytča";0;2;2
2020-11-29;"Okres Čadca";1;4;5
2020-11-29;"Okres Detva";2;11;13
2020-11-29;"Okres Dolný Kubín";2;1;3
2020-11-29;"Okres Dunajská Streda";4;9;13
2020-11-29;"Okres Galanta";4;18;22
2020-11-29;"Okres Gelnica";0;1;1
2020-11-29;"Okres Hlohovec";3;11;14
2020-11-29;"Okres Humenné";2;6;8
2020-11-29;"Okres Ilava";3;16;19
2020-11-29;"Okres Kežmarok";1;2;3
2020-11-29;"Okres Komárno";1;2;3
2020-11-29;"Okres Košice - okolie";4;22;26
2020-11-29;"Okres Košice II";0;2;2
2020-11-29;"Okres Krupina";0;1;1
2020-11-29;"Okres Levice";0;3;3
2020-11-29;"Okres Levoča";0;3;3
2020-11-29;"Okres Liptovský Mikuláš";4;9;13
2020-11-29;"Okres Lučenec";1;5;6
2020-11-29;"Okres Malacky";2;9;11
2020-11-29;"Okres Martin";3;12;15
2020-11-29;"Okres Medzilaborce";0;1;1
2020-11-29;"Okres Michalovce";21;42;63
2020-11-29;"Okres Nitra";1;7;8
2020-11-29;"Okres Nové Mesto nad Váhom";2;7;9
2020-11-29;"Okres Nové Zámky";2;6;8
2020-11-29;"Okres Partizánske";0;1;1
2020-11-29;"Okres Pezinok";2;11;13
2020-11-29;"Okres Piešťany";1;4;5
2020-11-29;"Okres Poltár";1;1;2
2020-11-29;"Okres Poprad";5;4;9
2020-11-29;"Okres Považská Bystrica";0;10;10
2020-11-29;"Okres Prešov";12;19;31
2020-11-29;"Okres Prievidza";2;4;6
2020-11-29;"Okres Púchov";3;6;9
2020-11-29;"Okres Rimavská Sobota";1;4;5
2020-11-29;"Okres Ružomberok";8;9;17
2020-11-29;"Okres Sabinov";1;13;14
2020-11-29;"Okres Senec";5;22;27
2020-11-29;"Okres Senica";0;4;4
2020-11-29;"Okres Skalica";0;1;1
2020-11-29;"Okres Snina";2;2;4
2020-11-29;"Okres Sobrance";3;7;10
2020-11-29;"Okres Spišská Nová Ves";0;2;2
2020-11-29;"Okres Stará Ľubovňa";5;22;27
2020-11-29;"Okres Stropkov";2;2;4
2020-11-29;"Okres Svidník";0;5;5
2020-11-29;"Okres Šaľa";0;3;3
2020-11-29;"Okres Topoľčany";0;2;2
2020-11-29;"Okres Trebišov";0;12;12
2020-11-29;"Okres Trenčín";18;54;72
2020-11-29;"Okres Trnava";6;41;47
2020-11-29;"Okres Veľký Krtíš";0;1;1
2020-11-29;"Okres Vranov nad Topľou";3;12;15
2020-11-29;"Okres Zlaté Moravce";0;1;1
2020-11-29;"Okres Zvolen";2;11;13
2020-11-29;"Okres Žarnovica";0;2;2
2020-11-29;"Okres Žiar nad Hronom";0;4;4
2020-11-29;"Okres Žilina";1;4;5
2020-11-29;NA;6;49;55
2020-11-28;"Neznáme";123;723;846
2020-11-28;"Okres Bánovce nad Bebravou";7;40;47
2020-11-28;"Okres Banská Bystrica";43;139;182
2020-11-28;"Okres Banská Štiavnica";1;8;9
2020-11-28;"Okres Bardejov";12;45;57
2020-11-28;"Okres Bratislava I";22;176;198
2020-11-28;"Okres Bratislava II";41;296;337
2020-11-28;"Okres Bratislava III";25;196;221
2020-11-28;"Okres Bratislava IV";29;254;283
2020-11-28;"Okres Bratislava V";41;307;348
2020-11-28;"Okres Brezno";8;27;35
2020-11-28;"Okres Bytča";1;16;17
2020-11-28;"Okres Čadca";53;157;210
2020-11-28;"Okres Detva";8;35;43
2020-11-28;"Okres Dolný Kubín";0;2;2
2020-11-28;"Okres Dunajská Streda";33;168;201
2020-11-28;"Okres Galanta";10;57;67
2020-11-28;"Okres Gelnica";6;17;23
2020-11-28;"Okres Hlohovec";5;32;37
2020-11-28;"Okres Humenné";7;18;25
2020-11-28;"Okres Ilava";39;130;169
2020-11-28;"Okres Kežmarok";15;133;148
2020-11-28;"Okres Komárno";6;45;51
2020-11-28;"Okres Košice - okolie";6;67;73
2020-11-28;"Okres Košice I";2;21;23
2020-11-28;"Okres Košice II";7;18;25
2020-11-28;"Okres Košice III";1;2;3
2020-11-28;"Okres Košice IV";4;7;11
2020-11-28;"Okres Krupina";1;10;11
2020-11-28;"Okres Kysucké Nové Mesto";10;19;29
2020-11-28;"Okres Levice";7;115;122
2020-11-28;"Okres Levoča";7;28;35
2020-11-28;"Okres Liptovský Mikuláš";1;30;31
2020-11-28;"Okres Lučenec";2;17;19
2020-11-28;"Okres Malacky";20;128;148
2020-11-28;"Okres Martin";2;17;19
2020-11-28;"Okres Medzilaborce";1;6;7
2020-11-28;"Okres Michalovce";9;44;53
2020-11-28;"Okres Myjava";1;6;7
2020-11-28;"Okres Námestovo";2;50;52
2020-11-28;"Okres Nitra";22;101;123
2020-11-28;"Okres Nové Mesto nad Váhom";33;104;137
2020-11-28;"Okres Nové Zámky";43;87;130
2020-11-28;"Okres Partizánske";2;12;14
2020-11-28;"Okres Pezinok";16;115;131
2020-11-28;"Okres Piešťany";4;28;32
2020-11-28;"Okres Poltár";0;1;1
2020-11-28;"Okres Poprad";38;145;183
2020-11-28;"Okres Považská Bystrica";23;79;102
2020-11-28;"Okres Prešov";34;101;135
2020-11-28;"Okres Prievidza";14;73;87
2020-11-28;"Okres Púchov";32;58;90
2020-11-28;"Okres Revúca";2;39;41
2020-11-28;"Okres Rimavská Sobota";2;21;23
2020-11-28;"Okres Rožňava";5;44;49
2020-11-28;"Okres Ružomberok";13;43;56
2020-11-28;"Okres Sabinov";10;52;62
2020-11-28;"Okres Senec";27;204;231
2020-11-28;"Okres Senica";4;31;35
2020-11-28;"Okres Skalica";2;10;12
2020-11-28;"Okres Snina";8;17;25
2020-11-28;"Okres Sobrance";0;7;7
2020-11-28;"Okres Spišská Nová Ves";12;89;101
2020-11-28;"Okres Stará Ľubovňa";43;207;250
2020-11-28;"Okres Stropkov";10;46;56
2020-11-28;"Okres Svidník";12;33;45
2020-11-28;"Okres Šaľa";4;31;35
2020-11-28;"Okres Topoľčany";5;21;26
2020-11-28;"Okres Trebišov";4;38;42
2020-11-28;"Okres Trenčín";61;174;235
2020-11-28;"Okres Trnava";25;141;166
2020-11-28;"Okres Turčianske Teplice";1;1;2
2020-11-28;"Okres Tvrdošín";2;15;17
2020-11-28;"Okres Veľký Krtíš";5;167;172
2020-11-28;"Okres Vranov nad Topľou";8;51;59
2020-11-28;"Okres Zlaté Moravce";4;19;23
2020-11-28;"Okres Zvolen";9;42;51
2020-11-28;"Okres Žarnovica";4;8;12
2020-11-28;"Okres Žiar nad Hronom";4;17;21
2020-11-28;"Okres Žilina";14;113;127
2020-11-28;"Zahraničie";0;1;1
2020-11-28;NA;17;148;165
2020-11-27;"Neznáme";232;1160;1392
2020-11-27;"Okres Bánovce nad Bebravou";9;59;68
2020-11-27;"Okres Banská Bystrica";28;134;162
2020-11-27;"Okres Banská Štiavnica";6;17;23
2020-11-27;"Okres Bardejov";12;72;84
2020-11-27;"Okres Bratislava I";6;88;94
2020-11-27;"Okres Bratislava II";10;145;155
2020-11-27;"Okres Bratislava III";7;105;112
2020-11-27;"Okres Bratislava IV";10;103;113
2020-11-27;"Okres Bratislava V";11;88;99
2020-11-27;"Okres Brezno";17;51;68
2020-11-27;"Okres Bytča";8;19;27
2020-11-27;"Okres Čadca";10;45;55
2020-11-27;"Okres Detva";15;41;56
2020-11-27;"Okres Dolný Kubín";4;32;36
2020-11-27;"Okres Dunajská Streda";34;122;156
2020-11-27;"Okres Galanta";14;68;82
2020-11-27;"Okres Gelnica";12;40;52
2020-11-27;"Okres Hlohovec";2;44;46
2020-11-27;"Okres Humenné";17;51;68
2020-11-27;"Okres Ilava";52;143;195
2020-11-27;"Okres Kežmarok";38;212;250
2020-11-27;"Okres Komárno";25;103;128
2020-11-27;"Okres Košice - okolie";13;149;162
2020-11-27;"Okres Košice I";4;25;29
2020-11-27;"Okres Košice II";2;42;44
2020-11-27;"Okres Košice III";1;12;13
2020-11-27;"Okres Košice IV";2;8;10
2020-11-27;"Okres Krupina";2;23;25
2020-11-27;"Okres Kysucké Nové Mesto";16;29;45
2020-11-27;"Okres Levice";11;94;105
2020-11-27;"Okres Levoča";10;62;72
2020-11-27;"Okres Liptovský Mikuláš";24;98;122
2020-11-27;"Okres Lučenec";7;66;73
2020-11-27;"Okres Malacky";6;31;37
2020-11-27;"Okres Martin";62;287;349
2020-11-27;"Okres Medzilaborce";3;7;10
2020-11-27;"Okres Michalovce";11;104;115
2020-11-27;"Okres Myjava";6;60;66
2020-11-27;"Okres Námestovo";2;75;77
2020-11-27;"Okres Nitra";16;127;143
2020-11-27;"Okres Nové Mesto nad Váhom";23;93;116
2020-11-27;"Okres Nové Zámky";45;95;140
2020-11-27;"Okres Partizánske";35;74;109
2020-11-27;"Okres Pezinok";3;71;74
2020-11-27;"Okres Piešťany";14;110;124
2020-11-27;"Okres Poltár";3;15;18
2020-11-27;"Okres Poprad";40;174;214
2020-11-27;"Okres Považská Bystrica";61;115;176
2020-11-27;"Okres Prešov";48;315;363
2020-11-27;"Okres Prievidza";35;126;161
2020-11-27;"Okres Púchov";48;86;134
2020-11-27;"Okres Revúca";5;20;25
2020-11-27;"Okres Rimavská Sobota";37;138;175
2020-11-27;"Okres Rožňava";1;53;54
2020-11-27;"Okres Ružomberok";30;74;104
2020-11-27;"Okres Sabinov";21;77;98
2020-11-27;"Okres Senec";2;94;96
2020-11-27;"Okres Senica";12;30;42
2020-11-27;"Okres Skalica";3;17;20
2020-11-27;"Okres Snina";2;43;45
2020-11-27;"Okres Sobrance";4;13;17
2020-11-27;"Okres Spišská Nová Ves";59;251;310
2020-11-27;"Okres Stará Ľubovňa";6;48;54
2020-11-27;"Okres Stropkov";1;21;22
2020-11-27;"Okres Svidník";8;54;62
2020-11-27;"Okres Šaľa";6;28;34
2020-11-27;"Okres Topoľčany";29;55;84
2020-11-27;"Okres Trebišov";19;83;102
2020-11-27;"Okres Trenčín";67;250;317
2020-11-27;"Okres Trnava";46;324;370
2020-11-27;"Okres Turčianske Teplice";3;10;13
2020-11-27;"Okres Tvrdošín";1;19;20
2020-11-27;"Okres Veľký Krtíš";25;110;135
2020-11-27;"Okres Vranov nad Topľou";45;166;211
2020-11-27;"Okres Zlaté Moravce";3;22;25
2020-11-27;"Okres Zvolen";23;150;173
2020-11-27;"Okres Žarnovica";17;40;57
2020-11-27;"Okres Žiar nad Hronom";20;91;111
2020-11-27;"Okres Žilina";39;122;161
2020-11-27;NA;25;283;308
2020-11-26;"Neznáme";173;999;1172
2020-11-26;"Okres Bánovce nad Bebravou";11;42;53
2020-11-26;"Okres Banská Bystrica";39;239;278
2020-11-26;"Okres Banská Štiavnica";8;9;17
2020-11-26;"Okres Bardejov";20;88;108
2020-11-26;"Okres Bratislava I";11;100;111
2020-11-26;"Okres Bratislava II";38;206;244
2020-11-26;"Okres Bratislava III";10;117;127
2020-11-26;"Okres Bratislava IV";15;155;170
2020-11-26;"Okres Bratislava V";10;119;129
2020-11-26;"Okres Brezno";22;43;65
2020-11-26;"Okres Bytča";11;23;34
2020-11-26;"Okres Čadca";37;109;146
2020-11-26;"Okres Detva";8;50;58
2020-11-26;"Okres Dolný Kubín";3;18;21
2020-11-26;"Okres Dunajská Streda";48;166;214
2020-11-26;"Okres Galanta";39;105;144
2020-11-26;"Okres Gelnica";6;37;43
2020-11-26;"Okres Hlohovec";18;69;87
2020-11-26;"Okres Humenné";21;83;104
2020-11-26;"Okres Ilava";27;70;97
2020-11-26;"Okres Kežmarok";9;53;62
2020-11-26;"Okres Komárno";16;87;103
2020-11-26;"Okres Košice - okolie";22;174;196
2020-11-26;"Okres Košice I";6;42;48
2020-11-26;"Okres Košice II";4;49;53
2020-11-26;"Okres Košice III";4;8;12
2020-11-26;"Okres Košice IV";1;16;17
2020-11-26;"Okres Krupina";0;10;10
2020-11-26;"Okres Kysucké Nové Mesto";7;34;41
2020-11-26;"Okres Levice";4;65;69
2020-11-26;"Okres Levoča";16;77;93
2020-11-26;"Okres Liptovský Mikuláš";12;49;61
2020-11-26;"Okres Lučenec";21;77;98
2020-11-26;"Okres Malacky";22;82;104
2020-11-26;"Okres Martin";43;90;133
2020-11-26;"Okres Medzilaborce";0;9;9
2020-11-26;"Okres Michalovce";39;147;186
2020-11-26;"Okres Myjava";11;52;63
2020-11-26;"Okres Námestovo";8;41;49
2020-11-26;"Okres Nitra";27;170;197
2020-11-26;"Okres Nové Mesto nad Váhom";37;166;203
2020-11-26;"Okres Nové Zámky";49;128;177
2020-11-26;"Okres Partizánske";22;172;194
2020-11-26;"Okres Pezinok";12;250;262
2020-11-26;"Okres Piešťany";9;99;108
2020-11-26;"Okres Poltár";5;31;36
2020-11-26;"Okres Poprad";48;168;216
2020-11-26;"Okres Považská Bystrica";82;168;250
2020-11-26;"Okres Prešov";63;239;302
2020-11-26;"Okres Prievidza";69;163;232
2020-11-26;"Okres Púchov";78;141;219
2020-11-26;"Okres Revúca";3;16;19
2020-11-26;"Okres Rimavská Sobota";40;138;178
2020-11-26;"Okres Rožňava";5;52;57
2020-11-26;"Okres Ružomberok";10;81;91
2020-11-26;"Okres Sabinov";6;57;63
2020-11-26;"Okres Senec";11;162;173
2020-11-26;"Okres Senica";60;62;122
2020-11-26;"Okres Skalica";3;18;21
2020-11-26;"Okres Snina";9;28;37
2020-11-26;"Okres Sobrance";4;31;35
2020-11-26;"Okres Spišská Nová Ves";54;168;222
2020-11-26;"Okres Stará Ľubovňa";28;213;241
2020-11-26;"Okres Stropkov";1;33;34
2020-11-26;"Okres Svidník";14;95;109
2020-11-26;"Okres Šaľa";17;69;86
2020-11-26;"Okres Topoľčany";20;78;98
2020-11-26;"Okres Trebišov";66;129;195
2020-11-26;"Okres Trenčín";72;228;300
2020-11-26;"Okres Trnava";51;249;300
2020-11-26;"Okres Turčianske Teplice";2;15;17
2020-11-26;"Okres Tvrdošín";6;25;31
2020-11-26;"Okres Veľký Krtíš";24;46;70
2020-11-26;"Okres Vranov nad Topľou";56;171;227
2020-11-26;"Okres Zlaté Moravce";13;50;63
2020-11-26;"Okres Zvolen";25;119;144
2020-11-26;"Okres Žarnovica";13;60;73
2020-11-26;"Okres Žiar nad Hronom";17;85;102
2020-11-26;"Okres Žilina";47;194;241
2020-11-26;NA;44;310;354
2020-11-25;"Neznáme";185;953;1138
2020-11-25;"Okres Bánovce nad Bebravou";4;26;30
2020-11-25;"Okres Banská Bystrica";33;163;196
2020-11-25;"Okres Banská Štiavnica";4;10;14
2020-11-25;"Okres Bardejov";23;65;88
2020-11-25;"Okres Bratislava I";14;122;136
2020-11-25;"Okres Bratislava II";29;218;247
2020-11-25;"Okres Bratislava III";11;155;166
2020-11-25;"Okres Bratislava IV";17;150;167
2020-11-25;"Okres Bratislava V";15;186;201
2020-11-25;"Okres Brezno";15;61;76
2020-11-25;"Okres Bytča";9;33;42
2020-11-25;"Okres Čadca";8;30;38
2020-11-25;"Okres Detva";9;41;50
2020-11-25;"Okres Dolný Kubín";3;19;22
2020-11-25;"Okres Dunajská Streda";56;193;249
2020-11-25;"Okres Galanta";39;117;156
2020-11-25;"Okres Gelnica";8;22;30
2020-11-25;"Okres Hlohovec";8;37;45
2020-11-25;"Okres Humenné";7;36;43
2020-11-25;"Okres Ilava";50;84;134
2020-11-25;"Okres Kežmarok";16;78;94
2020-11-25;"Okres Komárno";22;100;122
2020-11-25;"Okres Košice - okolie";25;141;166
2020-11-25;"Okres Košice I";6;27;33
2020-11-25;"Okres Košice II";6;29;35
2020-11-25;"Okres Košice III";0;5;5
2020-11-25;"Okres Košice IV";1;20;21
2020-11-25;"Okres Krupina";4;13;17
2020-11-25;"Okres Kysucké Nové Mesto";7;17;24
2020-11-25;"Okres Levice";19;124;143
2020-11-25;"Okres Levoča";39;126;165
2020-11-25;"Okres Liptovský Mikuláš";34;100;134
2020-11-25;"Okres Lučenec";27;154;181
2020-11-25;"Okres Malacky";14;79;93
2020-11-25;"Okres Martin";72;234;306
2020-11-25;"Okres Medzilaborce";0;4;4
2020-11-25;"Okres Michalovce";22;109;131
2020-11-25;"Okres Myjava";20;55;75
2020-11-25;"Okres Námestovo";5;29;34
2020-11-25;"Okres Nitra";67;299;366
2020-11-25;"Okres Nové Mesto nad Váhom";38;168;206
2020-11-25;"Okres Nové Zámky";102;268;370
2020-11-25;"Okres Partizánske";11;18;29
2020-11-25;"Okres Pezinok";11;88;99
2020-11-25;"Okres Piešťany";12;67;79
2020-11-25;"Okres Poltár";4;28;32
2020-11-25;"Okres Poprad";63;190;253
2020-11-25;"Okres Považská Bystrica";29;95;124
2020-11-25;"Okres Prešov";47;214;261
2020-11-25;"Okres Prievidza";74;107;181
2020-11-25;"Okres Púchov";12;84;96
2020-11-25;"Okres Revúca";2;12;14
2020-11-25;"Okres Rimavská Sobota";10;21;31
2020-11-25;"Okres Rožňava";4;35;39
2020-11-25;"Okres Ružomberok";14;76;90
2020-11-25;"Okres Sabinov";9;39;48
2020-11-25;"Okres Senec";20;179;199
2020-11-25;"Okres Senica";60;65;125
2020-11-25;"Okres Skalica";4;24;28
2020-11-25;"Okres Snina";7;33;40
2020-11-25;"Okres Sobrance";1;16;17
2020-11-25;"Okres Spišská Nová Ves";122;280;402
2020-11-25;"Okres Stará Ľubovňa";41;130;171
2020-11-25;"Okres Stropkov";10;26;36
2020-11-25;"Okres Svidník";13;44;57
2020-11-25;"Okres Šaľa";12;137;149
2020-11-25;"Okres Topoľčany";36;90;126
2020-11-25;"Okres Trebišov";23;76;99
2020-11-25;"Okres Trenčín";82;292;374
2020-11-25;"Okres Trnava";32;255;287
2020-11-25;"Okres Turčianske Teplice";3;10;13
2020-11-25;"Okres Tvrdošín";6;25;31
2020-11-25;"Okres Veľký Krtíš";49;107;156
2020-11-25;"Okres Vranov nad Topľou";94;200;294
2020-11-25;"Okres Zlaté Moravce";9;35;44
2020-11-25;"Okres Zvolen";21;104;125
2020-11-25;"Okres Žarnovica";5;39;44
2020-11-25;"Okres Žiar nad Hronom";10;36;46
2020-11-25;"Okres Žilina";50;155;205
2020-11-25;NA;29;257;286
2020-11-24;"Neznáme";144;1019;1163
2020-11-24;"Okres Bánovce nad Bebravou";20;47;67
2020-11-24;"Okres Banská Bystrica";46;214;260
2020-11-24;"Okres Banská Štiavnica";5;9;14
2020-11-24;"Okres Bardejov";16;68;84
2020-11-24;"Okres Bratislava I";7;96;103
2020-11-24;"Okres Bratislava II";12;142;154
2020-11-24;"Okres Bratislava III";14;100;114
2020-11-24;"Okres Bratislava IV";14;156;170
2020-11-24;"Okres Bratislava V";14;124;138
2020-11-24;"Okres Brezno";24;49;73
2020-11-24;"Okres Bytča";15;25;40
2020-11-24;"Okres Čadca";37;133;170
2020-11-24;"Okres Detva";8;69;77
2020-11-24;"Okres Dolný Kubín";4;36;40
2020-11-24;"Okres Dunajská Streda";19;63;82
2020-11-24;"Okres Galanta";20;92;112
2020-11-24;"Okres Gelnica";8;47;55
2020-11-24;"Okres Hlohovec";9;56;65
2020-11-24;"Okres Humenné";27;90;117
2020-11-24;"Okres Ilava";100;140;240
2020-11-24;"Okres Kežmarok";32;183;215
2020-11-24;"Okres Komárno";13;103;116
2020-11-24;"Okres Košice - okolie";22;118;140
2020-11-24;"Okres Košice I";9;13;22
2020-11-24;"Okres Košice II";6;24;30
2020-11-24;"Okres Košice III";2;5;7
2020-11-24;"Okres Košice IV";1;7;8
2020-11-24;"Okres Krupina";1;15;16
2020-11-24;"Okres Kysucké Nové Mesto";6;33;39
2020-11-24;"Okres Levice";13;71;84
2020-11-24;"Okres Levoča";10;56;66
2020-11-24;"Okres Liptovský Mikuláš";51;125;176
2020-11-24;"Okres Lučenec";22;135;157
2020-11-24;"Okres Malacky";3;51;54
2020-11-24;"Okres Martin";18;113;131
2020-11-24;"Okres Medzilaborce";4;9;13
2020-11-24;"Okres Michalovce";35;139;174
2020-11-24;"Okres Myjava";10;30;40
2020-11-24;"Okres Námestovo";8;52;60
2020-11-24;"Okres Nitra";26;156;182
2020-11-24;"Okres Nové Mesto nad Váhom";22;42;64
2020-11-24;"Okres Nové Zámky";37;140;177
2020-11-24;"Okres Partizánske";7;16;23
2020-11-24;"Okres Pezinok";11;69;80
2020-11-24;"Okres Piešťany";16;55;71
2020-11-24;"Okres Poltár";5;24;29
2020-11-24;"Okres Poprad";72;273;345
2020-11-24;"Okres Považská Bystrica";72;174;246
2020-11-24;"Okres Prešov";62;269;331
2020-11-24;"Okres Prievidza";22;69;91
2020-11-24;"Okres Púchov";48;163;211
2020-11-24;"Okres Revúca";2;28;30
2020-11-24;"Okres Rimavská Sobota";15;82;97
2020-11-24;"Okres Rožňava";6;52;58
2020-11-24;"Okres Ružomberok";14;61;75
2020-11-24;"Okres Sabinov";16;65;81
2020-11-24;"Okres Senec";14;96;110
2020-11-24;"Okres Senica";129;41;170
2020-11-24;"Okres Skalica";9;62;71
2020-11-24;"Okres Snina";21;29;50
2020-11-24;"Okres Sobrance";3;17;20
2020-11-24;"Okres Spišská Nová Ves";38;293;331
2020-11-24;"Okres Stará Ľubovňa";8;63;71
2020-11-24;"Okres Stropkov";6;14;20
2020-11-24;"Okres Svidník";25;50;75
2020-11-24;"Okres Šaľa";4;62;66
2020-11-24;"Okres Topoľčany";8;20;28
2020-11-24;"Okres Trebišov";36;157;193
2020-11-24;"Okres Trenčín";57;281;338
2020-11-24;"Okres Trnava";49;257;306
2020-11-24;"Okres Turčianske Teplice";1;6;7
2020-11-24;"Okres Tvrdošín";4;29;33
2020-11-24;"Okres Veľký Krtíš";5;26;31
2020-11-24;"Okres Vranov nad Topľou";65;129;194
2020-11-24;"Okres Zlaté Moravce";7;73;80
2020-11-24;"Okres Zvolen";33;141;174
2020-11-24;"Okres Žarnovica";2;28;30
2020-11-24;"Okres Žiar nad Hronom";11;69;80
2020-11-24;"Okres Žilina";48;189;237
2020-11-24;NA;51;302;353
2020-11-23;"Neznáme";176;806;982
2020-11-23;"Okres Bánovce nad Bebravou";2;27;29
2020-11-23;"Okres Banská Bystrica";10;69;79
2020-11-23;"Okres Banská Štiavnica";3;21;24
2020-11-23;"Okres Bardejov";2;37;39
2020-11-23;"Okres Bratislava I";5;55;60
2020-11-23;"Okres Bratislava II";12;109;121
2020-11-23;"Okres Bratislava III";8;68;76
2020-11-23;"Okres Bratislava IV";7;75;82
2020-11-23;"Okres Bratislava V";11;75;86
2020-11-23;"Okres Brezno";6;24;30
2020-11-23;"Okres Bytča";9;15;24
2020-11-23;"Okres Čadca";14;69;83
2020-11-23;"Okres Detva";9;16;25
2020-11-23;"Okres Dolný Kubín";4;21;25
2020-11-23;"Okres Dunajská Streda";21;140;161
2020-11-23;"Okres Galanta";11;41;52
2020-11-23;"Okres Gelnica";2;25;27
2020-11-23;"Okres Hlohovec";13;42;55
2020-11-23;"Okres Humenné";7;14;21
2020-11-23;"Okres Ilava";2;35;37
2020-11-23;"Okres Kežmarok";4;53;57
2020-11-23;"Okres Komárno";9;66;75
2020-11-23;"Okres Košice - okolie";5;100;105
2020-11-23;"Okres Košice I";7;45;52
2020-11-23;"Okres Košice II";2;28;30
2020-11-23;"Okres Košice III";0;7;7
2020-11-23;"Okres Košice IV";2;4;6
2020-11-23;"Okres Krupina";2;13;15
2020-11-23;"Okres Kysucké Nové Mesto";16;28;44
2020-11-23;"Okres Levice";11;67;78
2020-11-23;"Okres Levoča";2;27;29
2020-11-23;"Okres Liptovský Mikuláš";9;19;28
2020-11-23;"Okres Lučenec";2;2;4
2020-11-23;"Okres Malacky";2;26;28
2020-11-23;"Okres Martin";66;155;221
2020-11-23;"Okres Medzilaborce";1;5;6
2020-11-23;"Okres Michalovce";7;31;38
2020-11-23;"Okres Myjava";7;48;55
2020-11-23;"Okres Námestovo";3;10;13
2020-11-23;"Okres Nitra";18;80;98
2020-11-23;"Okres Nové Mesto nad Váhom";15;125;140
2020-11-23;"Okres Nové Zámky";23;95;118
2020-11-23;"Okres Partizánske";5;28;33
2020-11-23;"Okres Pezinok";12;47;59
2020-11-23;"Okres Piešťany";25;146;171
2020-11-23;"Okres Poltár";1;1;2
2020-11-23;"Okres Poprad";16;46;62
2020-11-23;"Okres Považská Bystrica";19;51;70
2020-11-23;"Okres Prešov";92;290;382
2020-11-23;"Okres Prievidza";66;180;246
2020-11-23;"Okres Púchov";9;10;19
2020-11-23;"Okres Revúca";1;15;16
2020-11-23;"Okres Rimavská Sobota";12;83;95
2020-11-23;"Okres Rožňava";0;10;10
2020-11-23;"Okres Ružomberok";15;68;83
2020-11-23;"Okres Sabinov";15;99;114
2020-11-23;"Okres Senec";9;67;76
2020-11-23;"Okres Senica";16;34;50
2020-11-23;"Okres Skalica";25;34;59
2020-11-23;"Okres Snina";7;40;47
2020-11-23;"Okres Sobrance";0;5;5
2020-11-23;"Okres Spišská Nová Ves";3;38;41
2020-11-23;"Okres Stará Ľubovňa";23;69;92
2020-11-23;"Okres Stropkov";35;78;113
2020-11-23;"Okres Svidník";12;26;38
2020-11-23;"Okres Šaľa";3;25;28
2020-11-23;"Okres Topoľčany";19;60;79
2020-11-23;"Okres Trebišov";5;33;38
2020-11-23;"Okres Trenčín";39;135;174
2020-11-23;"Okres Trnava";98;172;270
2020-11-23;"Okres Turčianske Teplice";2;29;31
2020-11-23;"Okres Tvrdošín";1;14;15
2020-11-23;"Okres Veľký Krtíš";1;14;15
2020-11-23;"Okres Vranov nad Topľou";7;39;46
2020-11-23;"Okres Zlaté Moravce";2;17;19
2020-11-23;"Okres Zvolen";16;64;80
2020-11-23;"Okres Žarnovica";8;9;17
2020-11-23;"Okres Žiar nad Hronom";12;53;65
2020-11-23;"Okres Žilina";43;149;192
2020-11-23;NA;22;206;228
2020-11-22;"Neznáme";18;84;102
2020-11-22;"Okres Bánovce nad Bebravou";1;3;4
2020-11-22;"Okres Banská Bystrica";21;76;97
2020-11-22;"Okres Banská Štiavnica";0;1;1
2020-11-22;"Okres Bardejov";1;9;10
2020-11-22;"Okres Bratislava I";1;32;33
2020-11-22;"Okres Bratislava II";8;51;59
2020-11-22;"Okres Bratislava III";6;47;53
2020-11-22;"Okres Bratislava IV";5;50;55
2020-11-22;"Okres Bratislava V";3;42;45
2020-11-22;"Okres Brezno";5;14;19
2020-11-22;"Okres Bytča";0;1;1
2020-11-22;"Okres Čadca";0;6;6
2020-11-22;"Okres Detva";1;10;11
2020-11-22;"Okres Dolný Kubín";0;2;2
2020-11-22;"Okres Dunajská Streda";5;17;22
2020-11-22;"Okres Galanta";5;8;13
2020-11-22;"Okres Gelnica";1;15;16
2020-11-22;"Okres Hlohovec";0;2;2
2020-11-22;"Okres Humenné";1;7;8
2020-11-22;"Okres Ilava";4;23;27
2020-11-22;"Okres Kežmarok";0;11;11
2020-11-22;"Okres Komárno";2;5;7
2020-11-22;"Okres Košice - okolie";8;34;42
2020-11-22;"Okres Košice I";2;9;11
2020-11-22;"Okres Košice II";6;13;19
2020-11-22;"Okres Košice III";3;3;6
2020-11-22;"Okres Košice IV";2;7;9
2020-11-22;"Okres Levice";0;18;18
2020-11-22;"Okres Levoča";0;2;2
2020-11-22;"Okres Liptovský Mikuláš";0;16;16
2020-11-22;"Okres Lučenec";2;5;7
2020-11-22;"Okres Malacky";5;14;19
2020-11-22;"Okres Martin";0;6;6
2020-11-22;"Okres Medzilaborce";0;6;6
2020-11-22;"Okres Michalovce";11;70;81
2020-11-22;"Okres Námestovo";0;7;7
2020-11-22;"Okres Nitra";1;10;11
2020-11-22;"Okres Nové Mesto nad Váhom";5;6;11
2020-11-22;"Okres Nové Zámky";10;49;59
2020-11-22;"Okres Partizánske";0;3;3
2020-11-22;"Okres Pezinok";4;30;34
2020-11-22;"Okres Piešťany";2;5;7
2020-11-22;"Okres Poltár";2;0;2
2020-11-22;"Okres Poprad";4;26;30
2020-11-22;"Okres Považská Bystrica";1;3;4
2020-11-22;"Okres Prešov";8;80;88
2020-11-22;"Okres Prievidza";1;9;10
2020-11-22;"Okres Púchov";1;23;24
2020-11-22;"Okres Revúca";0;2;2
2020-11-22;"Okres Rimavská Sobota";0;5;5
2020-11-22;"Okres Rožňava";1;2;3
2020-11-22;"Okres Ružomberok";8;19;27
2020-11-22;"Okres Sabinov";1;20;21
2020-11-22;"Okres Senec";9;46;55
2020-11-22;"Okres Senica";0;10;10
2020-11-22;"Okres Snina";1;2;3
2020-11-22;"Okres Sobrance";1;10;11
2020-11-22;"Okres Spišská Nová Ves";0;7;7
2020-11-22;"Okres Stará Ľubovňa";18;70;88
2020-11-22;"Okres Stropkov";2;23;25
2020-11-22;"Okres Svidník";0;18;18
2020-11-22;"Okres Šaľa";1;8;9
2020-11-22;"Okres Topoľčany";5;6;11
2020-11-22;"Okres Trebišov";2;22;24
2020-11-22;"Okres Trenčín";15;64;79
2020-11-22;"Okres Trnava";3;26;29
2020-11-22;"Okres Turčianske Teplice";1;0;1
2020-11-22;"Okres Tvrdošín";1;2;3
2020-11-22;"Okres Veľký Krtíš";3;2;5
2020-11-22;"Okres Vranov nad Topľou";4;18;22
2020-11-22;"Okres Zlaté Moravce";0;5;5
2020-11-22;"Okres Zvolen";5;25;30
2020-11-22;"Okres Žarnovica";0;3;3
2020-11-22;"Okres Žiar nad Hronom";1;5;6
2020-11-22;"Okres Žilina";1;2;3
2020-11-22;NA;19;113;132
2020-11-21;"Neznáme";88;406;494
2020-11-21;"Okres Bánovce nad Bebravou";20;45;65
2020-11-21;"Okres Banská Bystrica";19;128;147
2020-11-21;"Okres Banská Štiavnica";1;8;9
2020-11-21;"Okres Bardejov";15;94;109
2020-11-21;"Okres Bratislava I";1;49;50
2020-11-21;"Okres Bratislava II";22;99;121
2020-11-21;"Okres Bratislava III";13;78;91
2020-11-21;"Okres Bratislava IV";14;133;147
2020-11-21;"Okres Bratislava V";14;100;114
2020-11-21;"Okres Brezno";7;40;47
2020-11-21;"Okres Bytča";3;23;26
2020-11-21;"Okres Čadca";11;55;66
2020-11-21;"Okres Detva";5;15;20
2020-11-21;"Okres Dolný Kubín";0;18;18
2020-11-21;"Okres Dunajská Streda";80;191;271
2020-11-21;"Okres Galanta";12;31;43
2020-11-21;"Okres Gelnica";4;17;21
2020-11-21;"Okres Hlohovec";7;31;38
2020-11-21;"Okres Humenné";6;34;40
2020-11-21;"Okres Ilava";33;70;103
2020-11-21;"Okres Kežmarok";22;94;116
2020-11-21;"Okres Komárno";19;54;73
2020-11-21;"Okres Košice - okolie";11;63;74
2020-11-21;"Okres Košice I";2;13;15
2020-11-21;"Okres Košice II";6;20;26
2020-11-21;"Okres Košice III";1;4;5
2020-11-21;"Okres Košice IV";1;8;9
2020-11-21;"Okres Krupina";6;17;23
2020-11-21;"Okres Kysucké Nové Mesto";8;18;26
2020-11-21;"Okres Levice";10;45;55
2020-11-21;"Okres Levoča";14;53;67
2020-11-21;"Okres Liptovský Mikuláš";1;14;15
2020-11-21;"Okres Lučenec";0;12;12
2020-11-21;"Okres Malacky";10;45;55
2020-11-21;"Okres Martin";3;23;26
2020-11-21;"Okres Medzilaborce";1;6;7
2020-11-21;"Okres Michalovce";7;93;100
2020-11-21;"Okres Myjava";0;2;2
2020-11-21;"Okres Námestovo";3;28;31
2020-11-21;"Okres Nitra";16;62;78
2020-11-21;"Okres Nové Mesto nad Váhom";29;66;95
2020-11-21;"Okres Nové Zámky";17;23;40
2020-11-21;"Okres Partizánske";19;38;57
2020-11-21;"Okres Pezinok";7;69;76
2020-11-21;"Okres Piešťany";9;26;35
2020-11-21;"Okres Poltár";0;6;6
2020-11-21;"Okres Poprad";49;140;189
2020-11-21;"Okres Považská Bystrica";23;49;72
2020-11-21;"Okres Prešov";21;148;169
2020-11-21;"Okres Prievidza";9;84;93
2020-11-21;"Okres Púchov";109;196;305
2020-11-21;"Okres Revúca";3;27;30
2020-11-21;"Okres Rimavská Sobota";1;19;20
2020-11-21;"Okres Rožňava";19;50;69
2020-11-21;"Okres Ružomberok";5;15;20
2020-11-21;"Okres Sabinov";11;51;62
2020-11-21;"Okres Senec";17;100;117
2020-11-21;"Okres Senica";0;3;3
2020-11-21;"Okres Skalica";1;1;2
2020-11-21;"Okres Snina";15;36;51
2020-11-21;"Okres Sobrance";1;10;11
2020-11-21;"Okres Spišská Nová Ves";16;114;130
2020-11-21;"Okres Stará Ľubovňa";32;127;159
2020-11-21;"Okres Stropkov";7;28;35
2020-11-21;"Okres Svidník";5;44;49
2020-11-21;"Okres Šaľa";2;10;12
2020-11-21;"Okres Topoľčany";7;12;19
2020-11-21;"Okres Trebišov";8;48;56
2020-11-21;"Okres Trenčín";37;108;145
2020-11-21;"Okres Trnava";29;145;174
2020-11-21;"Okres Turčianske Teplice";0;1;1
2020-11-21;"Okres Tvrdošín";1;15;16
2020-11-21;"Okres Veľký Krtíš";1;12;13
2020-11-21;"Okres Vranov nad Topľou";22;118;140
2020-11-21;"Okres Zlaté Moravce";0;11;11
2020-11-21;"Okres Zvolen";8;49;57
2020-11-21;"Okres Žarnovica";2;10;12
2020-11-21;"Okres Žiar nad Hronom";5;21;26
2020-11-21;"Okres Žilina";24;70;94
2020-11-21;NA;25;140;165
2020-11-20;"Neznáme";209;1131;1340
2020-11-20;"Okres Bánovce nad Bebravou";9;40;49
2020-11-20;"Okres Banská Bystrica";25;119;144
2020-11-20;"Okres Banská Štiavnica";5;16;21
2020-11-20;"Okres Bardejov";20;89;109
2020-11-20;"Okres Bratislava I";6;92;98
2020-11-20;"Okres Bratislava II";21;162;183
2020-11-20;"Okres Bratislava III";14;108;122
2020-11-20;"Okres Bratislava IV";14;278;292
2020-11-20;"Okres Bratislava V";17;111;128
2020-11-20;"Okres Brezno";14;30;44
2020-11-20;"Okres Bytča";14;27;41
2020-11-20;"Okres Čadca";53;98;151
2020-11-20;"Okres Detva";10;44;54
2020-11-20;"Okres Dolný Kubín";1;34;35
2020-11-20;"Okres Dunajská Streda";80;195;275
2020-11-20;"Okres Galanta";34;106;140
2020-11-20;"Okres Gelnica";4;47;51
2020-11-20;"Okres Hlohovec";12;48;60
2020-11-20;"Okres Humenné";27;70;97
2020-11-20;"Okres Ilava";31;84;115
2020-11-20;"Okres Kežmarok";15;55;70
2020-11-20;"Okres Komárno";21;68;89
2020-11-20;"Okres Košice - okolie";21;161;182
2020-11-20;"Okres Košice I";4;22;26
2020-11-20;"Okres Košice II";6;25;31
2020-11-20;"Okres Košice III";0;10;10
2020-11-20;"Okres Košice IV";8;14;22
2020-11-20;"Okres Krupina";3;36;39
2020-11-20;"Okres Kysucké Nové Mesto";25;20;45
2020-11-20;"Okres Levice";16;126;142
2020-11-20;"Okres Levoča";15;52;67
2020-11-20;"Okres Liptovský Mikuláš";18;55;73
2020-11-20;"Okres Lučenec";16;85;101
2020-11-20;"Okres Malacky";4;69;73
2020-11-20;"Okres Martin";40;129;169
2020-11-20;"Okres Medzilaborce";2;14;16
2020-11-20;"Okres Michalovce";30;117;147
2020-11-20;"Okres Myjava";9;43;52
2020-11-20;"Okres Námestovo";6;59;65
2020-11-20;"Okres Nitra";72;332;404
2020-11-20;"Okres Nové Mesto nad Váhom";12;52;64
2020-11-20;"Okres Nové Zámky";57;148;205
2020-11-20;"Okres Partizánske";16;20;36
2020-11-20;"Okres Pezinok";8;67;75
2020-11-20;"Okres Piešťany";41;78;119
2020-11-20;"Okres Poltár";4;20;24
2020-11-20;"Okres Poprad";44;147;191
2020-11-20;"Okres Považská Bystrica";71;166;237
2020-11-20;"Okres Prešov";88;317;405
2020-11-20;"Okres Prievidza";49;97;146
2020-11-20;"Okres Púchov";65;79;144
2020-11-20;"Okres Revúca";4;16;20
2020-11-20;"Okres Rimavská Sobota";33;118;151
2020-11-20;"Okres Rožňava";3;35;38
2020-11-20;"Okres Ružomberok";20;90;110
2020-11-20;"Okres Sabinov";23;79;102
2020-11-20;"Okres Senec";17;146;163
2020-11-20;"Okres Senica";6;38;44
2020-11-20;"Okres Skalica";9;16;25
2020-11-20;"Okres Snina";60;33;93
2020-11-20;"Okres Sobrance";1;17;18
2020-11-20;"Okres Spišská Nová Ves";63;142;205
2020-11-20;"Okres Stará Ľubovňa";39;102;141
2020-11-20;"Okres Stropkov";9;29;38
2020-11-20;"Okres Svidník";9;81;90
2020-11-20;"Okres Šaľa";26;108;134
2020-11-20;"Okres Topoľčany";48;198;246
2020-11-20;"Okres Trebišov";16;128;144
2020-11-20;"Okres Trenčín";65;207;272
2020-11-20;"Okres Trnava";52;215;267
2020-11-20;"Okres Turčianske Teplice";0;8;8
2020-11-20;"Okres Tvrdošín";5;29;34
2020-11-20;"Okres Veľký Krtíš";8;68;76
2020-11-20;"Okres Vranov nad Topľou";64;191;255
2020-11-20;"Okres Zlaté Moravce";6;36;42
2020-11-20;"Okres Zvolen";8;62;70
2020-11-20;"Okres Žarnovica";8;31;39
2020-11-20;"Okres Žiar nad Hronom";28;87;115
2020-11-20;"Okres Žilina";65;144;209
2020-11-20;NA;31;356;387
2020-11-19;"Neznáme";119;827;946
2020-11-19;"Okres Bánovce nad Bebravou";13;54;67
2020-11-19;"Okres Banská Bystrica";19;92;111
2020-11-19;"Okres Banská Štiavnica";8;11;19
2020-11-19;"Okres Bardejov";29;102;131
2020-11-19;"Okres Bratislava I";11;104;115
2020-11-19;"Okres Bratislava II";31;168;199
2020-11-19;"Okres Bratislava III";10;139;149
2020-11-19;"Okres Bratislava IV";26;173;199
2020-11-19;"Okres Bratislava V";28;171;199
2020-11-19;"Okres Brezno";30;41;71
2020-11-19;"Okres Bytča";7;29;36
2020-11-19;"Okres Čadca";33;137;170
2020-11-19;"Okres Detva";25;45;70
2020-11-19;"Okres Dolný Kubín";14;25;39
2020-11-19;"Okres Dunajská Streda";64;144;208
2020-11-19;"Okres Galanta";30;115;145
2020-11-19;"Okres Gelnica";5;46;51
2020-11-19;"Okres Hlohovec";4;33;37
2020-11-19;"Okres Humenné";32;68;100
2020-11-19;"Okres Ilava";34;91;125
2020-11-19;"Okres Kežmarok";27;67;94
2020-11-19;"Okres Komárno";25;97;122
2020-11-19;"Okres Košice - okolie";24;107;131
2020-11-19;"Okres Košice I";7;26;33
2020-11-19;"Okres Košice II";13;31;44
2020-11-19;"Okres Košice III";0;5;5
2020-11-19;"Okres Košice IV";3;10;13
2020-11-19;"Okres Krupina";2;24;26
2020-11-19;"Okres Kysucké Nové Mesto";6;25;31
2020-11-19;"Okres Levice";17;74;91
2020-11-19;"Okres Levoča";30;130;160
2020-11-19;"Okres Liptovský Mikuláš";50;66;116
2020-11-19;"Okres Lučenec";15;127;142
2020-11-19;"Okres Malacky";6;70;76
2020-11-19;"Okres Martin";39;125;164
2020-11-19;"Okres Medzilaborce";1;9;10
2020-11-19;"Okres Michalovce";33;100;133
2020-11-19;"Okres Myjava";6;29;35
2020-11-19;"Okres Námestovo";14;39;53
2020-11-19;"Okres Nitra";41;254;295
2020-11-19;"Okres Nové Mesto nad Váhom";50;136;186
2020-11-19;"Okres Nové Zámky";26;128;154
2020-11-19;"Okres Partizánske";14;31;45
2020-11-19;"Okres Pezinok";8;50;58
2020-11-19;"Okres Piešťany";9;62;71
2020-11-19;"Okres Poltár";3;23;26
2020-11-19;"Okres Poprad";37;101;138
2020-11-19;"Okres Považská Bystrica";34;138;172
2020-11-19;"Okres Prešov";106;328;434
2020-11-19;"Okres Prievidza";66;218;284
2020-11-19;"Okres Púchov";41;61;102
2020-11-19;"Okres Revúca";4;27;31
2020-11-19;"Okres Rimavská Sobota";19;106;125
2020-11-19;"Okres Rožňava";6;30;36
2020-11-19;"Okres Ružomberok";30;55;85
2020-11-19;"Okres Sabinov";31;86;117
2020-11-19;"Okres Senec";32;140;172
2020-11-19;"Okres Senica";5;26;31
2020-11-19;"Okres Skalica";64;17;81
2020-11-19;"Okres Snina";15;40;55
2020-11-19;"Okres Sobrance";4;18;22
2020-11-19;"Okres Spišská Nová Ves";33;106;139
2020-11-19;"Okres Stará Ľubovňa";36;104;140
2020-11-19;"Okres Stropkov";6;44;50
2020-11-19;"Okres Svidník";22;72;94
2020-11-19;"Okres Šaľa";20;71;91
2020-11-19;"Okres Topoľčany";51;170;221
2020-11-19;"Okres Trebišov";49;134;183
2020-11-19;"Okres Trenčín";55;242;297
2020-11-19;"Okres Trnava";27;195;222
2020-11-19;"Okres Turčianske Teplice";8;18;26
2020-11-19;"Okres Tvrdošín";10;26;36
2020-11-19;"Okres Veľký Krtíš";12;33;45
2020-11-19;"Okres Vranov nad Topľou";33;136;169
2020-11-19;"Okres Zlaté Moravce";6;60;66
2020-11-19;"Okres Zvolen";25;64;89
2020-11-19;"Okres Žarnovica";9;34;43
2020-11-19;"Okres Žiar nad Hronom";20;58;78
2020-11-19;"Okres Žilina";33;79;112
2020-11-19;"Zahraničie";0;1;1
2020-11-19;NA;40;308;348
2020-11-18;"Neznáme";203;748;951
2020-11-18;"Okres Bánovce nad Bebravou";13;34;47
2020-11-18;"Okres Banská Bystrica";30;146;176
2020-11-18;"Okres Banská Štiavnica";2;2;4
2020-11-18;"Okres Bardejov";4;29;33
2020-11-18;"Okres Bratislava I";5;82;87
2020-11-18;"Okres Bratislava II";15;112;127
2020-11-18;"Okres Bratislava III";10;78;88
2020-11-18;"Okres Bratislava IV";14;104;118
2020-11-18;"Okres Bratislava V";20;104;124
2020-11-18;"Okres Brezno";21;36;57
2020-11-18;"Okres Bytča";19;23;42
2020-11-18;"Okres Čadca";42;82;124
2020-11-18;"Okres Detva";17;54;71
2020-11-18;"Okres Dolný Kubín";10;40;50
2020-11-18;"Okres Dunajská Streda";31;117;148
2020-11-18;"Okres Galanta";38;91;129
2020-11-18;"Okres Gelnica";11;24;35
2020-11-18;"Okres Hlohovec";8;44;52
2020-11-18;"Okres Humenné";2;8;10
2020-11-18;"Okres Ilava";30;58;88
2020-11-18;"Okres Kežmarok";23;101;124
2020-11-18;"Okres Komárno";46;114;160
2020-11-18;"Okres Košice - okolie";13;94;107
2020-11-18;"Okres Košice I";1;10;11
2020-11-18;"Okres Košice II";5;19;24
2020-11-18;"Okres Košice III";0;2;2
2020-11-18;"Okres Košice IV";0;4;4
2020-11-18;"Okres Krupina";4;22;26
2020-11-18;"Okres Kysucké Nové Mesto";24;41;65
2020-11-18;"Okres Levice";5;45;50
2020-11-18;"Okres Levoča";10;75;85
2020-11-18;"Okres Liptovský Mikuláš";34;90;124
2020-11-18;"Okres Lučenec";16;50;66
2020-11-18;"Okres Malacky";31;43;74
2020-11-18;"Okres Martin";103;197;300
2020-11-18;"Okres Medzilaborce";1;4;5
2020-11-18;"Okres Michalovce";2;16;18
2020-11-18;"Okres Myjava";6;41;47
2020-11-18;"Okres Námestovo";5;22;27
2020-11-18;"Okres Nitra";5;62;67
2020-11-18;"Okres Nové Mesto nad Váhom";22;60;82
2020-11-18;"Okres Nové Zámky";82;151;233
2020-11-18;"Okres Partizánske";12;23;35
2020-11-18;"Okres Pezinok";6;38;44
2020-11-18;"Okres Piešťany";29;81;110
2020-11-18;"Okres Poltár";5;33;38
2020-11-18;"Okres Poprad";26;73;99
2020-11-18;"Okres Považská Bystrica";46;100;146
2020-11-18;"Okres Prešov";123;229;352
2020-11-18;"Okres Prievidza";13;29;42
2020-11-18;"Okres Púchov";26;58;84
2020-11-18;"Okres Revúca";2;17;19
2020-11-18;"Okres Rimavská Sobota";40;176;216
2020-11-18;"Okres Rožňava";0;11;11
2020-11-18;"Okres Ružomberok";31;112;143
2020-11-18;"Okres Sabinov";76;98;174
2020-11-18;"Okres Senec";13;81;94
2020-11-18;"Okres Senica";16;30;46
2020-11-18;"Okres Skalica";59;51;110
2020-11-18;"Okres Snina";5;12;17
2020-11-18;"Okres Sobrance";0;1;1
2020-11-18;"Okres Spišská Nová Ves";46;123;169
2020-11-18;"Okres Stará Ľubovňa";4;14;18
2020-11-18;"Okres Stropkov";15;1;16
2020-11-18;"Okres Svidník";4;15;19
2020-11-18;"Okres Šaľa";19;40;59
2020-11-18;"Okres Topoľčany";20;63;83
2020-11-18;"Okres Trebišov";14;37;51
2020-11-18;"Okres Trenčín";83;243;326
2020-11-18;"Okres Trnava";33;222;255
2020-11-18;"Okres Turčianske Teplice";3;16;19
2020-11-18;"Okres Tvrdošín";2;14;16
2020-11-18;"Okres Veľký Krtíš";5;19;24
2020-11-18;"Okres Vranov nad Topľou";45;76;121
2020-11-18;"Okres Zlaté Moravce";7;57;64
2020-11-18;"Okres Zvolen";30;118;148
2020-11-18;"Okres Žarnovica";3;16;19
2020-11-18;"Okres Žiar nad Hronom";6;32;38
2020-11-18;"Okres Žilina";62;110;172
2020-11-18;"Zahraničie";0;1;1
2020-11-18;NA;36;141;177
2020-11-17;"Neznáme";132;540;672
2020-11-17;"Okres Bánovce nad Bebravou";19;35;54
2020-11-17;"Okres Banská Bystrica";18;71;89
2020-11-17;"Okres Banská Štiavnica";0;5;5
2020-11-17;"Okres Bardejov";41;88;129
2020-11-17;"Okres Bratislava I";7;45;52
2020-11-17;"Okres Bratislava II";26;86;112
2020-11-17;"Okres Bratislava III";6;48;54
2020-11-17;"Okres Bratislava IV";15;82;97
2020-11-17;"Okres Bratislava V";19;76;95
2020-11-17;"Okres Brezno";17;26;43
2020-11-17;"Okres Bytča";2;8;10
2020-11-17;"Okres Čadca";68;82;150
2020-11-17;"Okres Detva";5;10;15
2020-11-17;"Okres Dolný Kubín";10;14;24
2020-11-17;"Okres Dunajská Streda";103;337;440
2020-11-17;"Okres Galanta";5;58;63
2020-11-17;"Okres Gelnica";6;17;23
2020-11-17;"Okres Hlohovec";2;9;11
2020-11-17;"Okres Humenné";26;53;79
2020-11-17;"Okres Ilava";22;75;97
2020-11-17;"Okres Kežmarok";22;40;62
2020-11-17;"Okres Komárno";39;76;115
2020-11-17;"Okres Košice - okolie";13;61;74
2020-11-17;"Okres Košice I";0;7;7
2020-11-17;"Okres Košice II";1;12;13
2020-11-17;"Okres Košice III";0;2;2
2020-11-17;"Okres Košice IV";0;6;6
2020-11-17;"Okres Krupina";1;9;10
2020-11-17;"Okres Kysucké Nové Mesto";13;13;26
2020-11-17;"Okres Levice";9;93;102
2020-11-17;"Okres Levoča";13;35;48
2020-11-17;"Okres Liptovský Mikuláš";0;25;25
2020-11-17;"Okres Lučenec";2;7;9
2020-11-17;"Okres Malacky";3;39;42
2020-11-17;"Okres Martin";6;11;17
2020-11-17;"Okres Medzilaborce";2;6;8
2020-11-17;"Okres Michalovce";15;74;89
2020-11-17;"Okres Myjava";2;11;13
2020-11-17;"Okres Námestovo";9;17;26
2020-11-17;"Okres Nitra";35;141;176
2020-11-17;"Okres Nové Mesto nad Váhom";20;76;96
2020-11-17;"Okres Nové Zámky";28;55;83
2020-11-17;"Okres Partizánske";14;34;48
2020-11-17;"Okres Pezinok";10;47;57
2020-11-17;"Okres Piešťany";4;16;20
2020-11-17;"Okres Poltár";0;5;5
2020-11-17;"Okres Poprad";63;199;262
2020-11-17;"Okres Považská Bystrica";44;74;118
2020-11-17;"Okres Prešov";41;143;184
2020-11-17;"Okres Prievidza";16;78;94
2020-11-17;"Okres Púchov";29;62;91
2020-11-17;"Okres Revúca";2;25;27
2020-11-17;"Okres Rimavská Sobota";4;20;24
2020-11-17;"Okres Rožňava";9;55;64
2020-11-17;"Okres Ružomberok";14;28;42
2020-11-17;"Okres Sabinov";14;33;47
2020-11-17;"Okres Senec";18;67;85
2020-11-17;"Okres Senica";2;8;10
2020-11-17;"Okres Skalica";0;1;1
2020-11-17;"Okres Snina";51;76;127
2020-11-17;"Okres Sobrance";2;15;17
2020-11-17;"Okres Spišská Nová Ves";29;98;127
2020-11-17;"Okres Stará Ľubovňa";31;113;144
2020-11-17;"Okres Stropkov";44;87;131
2020-11-17;"Okres Svidník";16;35;51
2020-11-17;"Okres Šaľa";10;35;45
2020-11-17;"Okres Topoľčany";4;32;36
2020-11-17;"Okres Trebišov";40;99;139
2020-11-17;"Okres Trenčín";58;97;155
2020-11-17;"Okres Trnava";5;41;46
2020-11-17;"Okres Turčianske Teplice";0;2;2
2020-11-17;"Okres Tvrdošín";2;4;6
2020-11-17;"Okres Veľký Krtíš";1;7;8
2020-11-17;"Okres Vranov nad Topľou";3;33;36
2020-11-17;"Okres Zlaté Moravce";1;14;15
2020-11-17;"Okres Zvolen";2;38;40
2020-11-17;"Okres Žarnovica";2;18;20
2020-11-17;"Okres Žiar nad Hronom";2;16;18
2020-11-17;"Okres Žilina";4;17;21
2020-11-17;NA;38;186;224
2020-11-16;"Neznáme";191;1059;1250
2020-11-16;"Okres Bánovce nad Bebravou";12;25;37
2020-11-16;"Okres Banská Bystrica";43;134;177
2020-11-16;"Okres Banská Štiavnica";1;16;17
2020-11-16;"Okres Bardejov";4;39;43
2020-11-16;"Okres Bratislava I";7;81;88
2020-11-16;"Okres Bratislava II";16;139;155
2020-11-16;"Okres Bratislava III";6;101;107
2020-11-16;"Okres Bratislava IV";5;93;98
2020-11-16;"Okres Bratislava V";9;116;125
2020-11-16;"Okres Brezno";18;44;62
2020-11-16;"Okres Bytča";11;33;44
2020-11-16;"Okres Čadca";21;79;100
2020-11-16;"Okres Detva";14;78;92
2020-11-16;"Okres Dolný Kubín";0;5;5
2020-11-16;"Okres Dunajská Streda";10;55;65
2020-11-16;"Okres Galanta";23;83;106
2020-11-16;"Okres Gelnica";4;21;25
2020-11-16;"Okres Hlohovec";23;41;64
2020-11-16;"Okres Humenné";3;33;36
2020-11-16;"Okres Ilava";7;47;54
2020-11-16;"Okres Kežmarok";22;98;120
2020-11-16;"Okres Komárno";29;81;110
2020-11-16;"Okres Košice - okolie";25;121;146
2020-11-16;"Okres Košice I";2;15;17
2020-11-16;"Okres Košice II";9;25;34
2020-11-16;"Okres Košice III";0;7;7
2020-11-16;"Okres Košice IV";2;8;10
2020-11-16;"Okres Krupina";3;32;35
2020-11-16;"Okres Kysucké Nové Mesto";23;117;140
2020-11-16;"Okres Levice";10;47;57
2020-11-16;"Okres Levoča";14;41;55
2020-11-16;"Okres Liptovský Mikuláš";68;105;173
2020-11-16;"Okres Lučenec";22;72;94
2020-11-16;"Okres Malacky";5;39;44
2020-11-16;"Okres Martin";18;53;71
2020-11-16;"Okres Medzilaborce";0;9;9
2020-11-16;"Okres Michalovce";16;71;87
2020-11-16;"Okres Myjava";44;117;161
2020-11-16;"Okres Námestovo";5;25;30
2020-11-16;"Okres Nitra";8;76;84
2020-11-16;"Okres Nové Mesto nad Váhom";9;64;73
2020-11-16;"Okres Nové Zámky";13;80;93
2020-11-16;"Okres Partizánske";8;9;17
2020-11-16;"Okres Pezinok";3;64;67
2020-11-16;"Okres Piešťany";18;82;100
2020-11-16;"Okres Poltár";4;9;13
2020-11-16;"Okres Poprad";24;74;98
2020-11-16;"Okres Považská Bystrica";27;68;95
2020-11-16;"Okres Prešov";111;321;432
2020-11-16;"Okres Prievidza";50;163;213
2020-11-16;"Okres Púchov";21;14;35
2020-11-16;"Okres Revúca";1;14;15
2020-11-16;"Okres Rimavská Sobota";4;24;28
2020-11-16;"Okres Rožňava";3;19;22
2020-11-16;"Okres Ružomberok";12;50;62
2020-11-16;"Okres Sabinov";39;103;142
2020-11-16;"Okres Senec";21;118;139
2020-11-16;"Okres Senica";9;39;48
2020-11-16;"Okres Skalica";9;28;37
2020-11-16;"Okres Snina";0;15;15
2020-11-16;"Okres Sobrance";3;15;18
2020-11-16;"Okres Spišská Nová Ves";13;76;89
2020-11-16;"Okres Stará Ľubovňa";6;41;47
2020-11-16;"Okres Stropkov";5;44;49
2020-11-16;"Okres Svidník";13;72;85
2020-11-16;"Okres Šaľa";7;27;34
2020-11-16;"Okres Topoľčany";27;41;68
2020-11-16;"Okres Trebišov";19;69;88
2020-11-16;"Okres Trenčín";46;167;213
2020-11-16;"Okres Trnava";70;217;287
2020-11-16;"Okres Turčianske Teplice";1;4;5
2020-11-16;"Okres Tvrdošín";11;39;50
2020-11-16;"Okres Veľký Krtíš";1;14;15
2020-11-16;"Okres Vranov nad Topľou";16;39;55
2020-11-16;"Okres Zlaté Moravce";1;18;19
2020-11-16;"Okres Zvolen";12;83;95
2020-11-16;"Okres Žarnovica";0;8;8
2020-11-16;"Okres Žiar nad Hronom";9;56;65
2020-11-16;"Okres Žilina";53;206;259
2020-11-16;NA;28;216;244
2020-11-15;"Neznáme";9;91;100
2020-11-15;"Okres Bánovce nad Bebravou";1;16;17
2020-11-15;"Okres Banská Bystrica";21;53;74
2020-11-15;"Okres Bardejov";3;3;6
2020-11-15;"Okres Bratislava I";5;41;46
2020-11-15;"Okres Bratislava II";9;76;85
2020-11-15;"Okres Bratislava III";5;58;63
2020-11-15;"Okres Bratislava IV";7;68;75
2020-11-15;"Okres Bratislava V";10;69;79
2020-11-15;"Okres Brezno";7;17;24
2020-11-15;"Okres Bytča";0;4;4
2020-11-15;"Okres Čadca";33;77;110
2020-11-15;"Okres Detva";8;7;15
2020-11-15;"Okres Dolný Kubín";0;3;3
2020-11-15;"Okres Dunajská Streda";21;76;97
2020-11-15;"Okres Galanta";4;14;18
2020-11-15;"Okres Gelnica";1;2;3
2020-11-15;"Okres Hlohovec";0;5;5
2020-11-15;"Okres Humenné";10;12;22
2020-11-15;"Okres Ilava";38;136;174
2020-11-15;"Okres Kežmarok";1;20;21
2020-11-15;"Okres Komárno";6;16;22
2020-11-15;"Okres Košice - okolie";1;10;11
2020-11-15;"Okres Košice II";0;1;1
2020-11-15;"Okres Košice IV";0;1;1
2020-11-15;"Okres Krupina";1;22;23
2020-11-15;"Okres Kysucké Nové Mesto";5;5;10
2020-11-15;"Okres Levice";3;25;28
2020-11-15;"Okres Levoča";1;11;12
2020-11-15;"Okres Liptovský Mikuláš";2;16;18
2020-11-15;"Okres Lučenec";0;4;4
2020-11-15;"Okres Malacky";2;27;29
2020-11-15;"Okres Martin";16;110;126
2020-11-15;"Okres Medzilaborce";0;1;1
2020-11-15;"Okres Michalovce";1;6;7
2020-11-15;"Okres Námestovo";1;12;13
2020-11-15;"Okres Nitra";1;4;5
2020-11-15;"Okres Nové Mesto nad Váhom";8;6;14
2020-11-15;"Okres Nové Zámky";11;26;37
2020-11-15;"Okres Partizánske";6;8;14
2020-11-15;"Okres Pezinok";5;24;29
2020-11-15;"Okres Piešťany";2;8;10
2020-11-15;"Okres Poltár";0;1;1
2020-11-15;"Okres Poprad";10;40;50
2020-11-15;"Okres Považská Bystrica";3;3;6
2020-11-15;"Okres Prešov";13;34;47
2020-11-15;"Okres Prievidza";11;90;101
2020-11-15;"Okres Púchov";3;14;17
2020-11-15;"Okres Rimavská Sobota";0;1;1
2020-11-15;"Okres Rožňava";0;4;4
2020-11-15;"Okres Ružomberok";5;18;23
2020-11-15;"Okres Sabinov";1;26;27
2020-11-15;"Okres Senec";8;66;74
2020-11-15;"Okres Senica";0;6;6
2020-11-15;"Okres Skalica";1;2;3
2020-11-15;"Okres Snina";6;3;9
2020-11-15;"Okres Sobrance";1;3;4
2020-11-15;"Okres Spišská Nová Ves";4;37;41
2020-11-15;"Okres Stará Ľubovňa";3;22;25
2020-11-15;"Okres Stropkov";4;3;7
2020-11-15;"Okres Svidník";2;9;11
2020-11-15;"Okres Šaľa";3;5;8
2020-11-15;"Okres Topoľčany";7;6;13
2020-11-15;"Okres Trebišov";1;9;10
2020-11-15;"Okres Trenčín";45;130;175
2020-11-15;"Okres Trnava";3;14;17
2020-11-15;"Okres Turčianske Teplice";1;4;5
2020-11-15;"Okres Tvrdošín";0;10;10
2020-11-15;"Okres Veľký Krtíš";0;8;8
2020-11-15;"Okres Vranov nad Topľou";137;73;210
2020-11-15;"Okres Zlaté Moravce";1;7;8
2020-11-15;"Okres Zvolen";21;31;52
2020-11-15;"Okres Žiar nad Hronom";1;5;6
2020-11-15;"Okres Žilina";4;19;23
2020-11-15;NA;7;34;41
2020-11-14;"Neznáme";118;568;686
2020-11-14;"Okres Bánovce nad Bebravou";10;26;36
2020-11-14;"Okres Banská Bystrica";28;76;104
2020-11-14;"Okres Banská Štiavnica";1;11;12
2020-11-14;"Okres Bardejov";27;75;102
2020-11-14;"Okres Bratislava I";7;67;74
2020-11-14;"Okres Bratislava II";7;114;121
2020-11-14;"Okres Bratislava III";5;95;100
2020-11-14;"Okres Bratislava IV";7;88;95
2020-11-14;"Okres Bratislava V";11;97;108
2020-11-14;"Okres Brezno";21;16;37
2020-11-14;"Okres Bytča";16;14;30
2020-11-14;"Okres Čadca";20;41;61
2020-11-14;"Okres Detva";2;14;16
2020-11-14;"Okres Dolný Kubín";0;3;3
2020-11-14;"Okres Dunajská Streda";54;121;175
2020-11-14;"Okres Galanta";8;45;53
2020-11-14;"Okres Gelnica";39;62;101
2020-11-14;"Okres Hlohovec";13;28;41
2020-11-14;"Okres Humenné";3;20;23
2020-11-14;"Okres Ilava";21;79;100
2020-11-14;"Okres Kežmarok";42;106;148
2020-11-14;"Okres Komárno";19;49;68
2020-11-14;"Okres Košice - okolie";13;75;88
2020-11-14;"Okres Košice I";4;15;19
2020-11-14;"Okres Košice II";6;13;19
2020-11-14;"Okres Košice III";3;10;13
2020-11-14;"Okres Košice IV";2;13;15
2020-11-14;"Okres Krupina";1;28;29
2020-11-14;"Okres Kysucké Nové Mesto";13;10;23
2020-11-14;"Okres Levice";14;66;80
2020-11-14;"Okres Levoča";31;39;70
2020-11-14;"Okres Liptovský Mikuláš";43;53;96
2020-11-14;"Okres Lučenec";2;8;10
2020-11-14;"Okres Malacky";3;48;51
2020-11-14;"Okres Martin";60;85;145
2020-11-14;"Okres Medzilaborce";0;10;10
2020-11-14;"Okres Michalovce";29;128;157
2020-11-14;"Okres Myjava";0;7;7
2020-11-14;"Okres Námestovo";2;71;73
2020-11-14;"Okres Nitra";7;89;96
2020-11-14;"Okres Nové Mesto nad Váhom";17;54;71
2020-11-14;"Okres Nové Zámky";10;44;54
2020-11-14;"Okres Partizánske";21;33;54
2020-11-14;"Okres Pezinok";5;31;36
2020-11-14;"Okres Piešťany";2;19;21
2020-11-14;"Okres Poltár";1;1;2
2020-11-14;"Okres Poprad";39;180;219
2020-11-14;"Okres Považská Bystrica";48;67;115
2020-11-14;"Okres Prešov";22;125;147
2020-11-14;"Okres Prievidza";33;100;133
2020-11-14;"Okres Púchov";31;45;76
2020-11-14;"Okres Revúca";3;7;10
2020-11-14;"Okres Rimavská Sobota";3;20;23
2020-11-14;"Okres Rožňava";14;39;53
2020-11-14;"Okres Ružomberok";2;24;26
2020-11-14;"Okres Sabinov";21;51;72
2020-11-14;"Okres Senec";9;82;91
2020-11-14;"Okres Senica";2;7;9
2020-11-14;"Okres Skalica";0;7;7
2020-11-14;"Okres Snina";1;11;12
2020-11-14;"Okres Sobrance";9;17;26
2020-11-14;"Okres Spišská Nová Ves";39;171;210
2020-11-14;"Okres Stará Ľubovňa";42;188;230
2020-11-14;"Okres Stropkov";11;46;57
2020-11-14;"Okres Svidník";16;48;64
2020-11-14;"Okres Šaľa";4;6;10
2020-11-14;"Okres Topoľčany";18;24;42
2020-11-14;"Okres Trebišov";50;77;127
2020-11-14;"Okres Trenčín";10;44;54
2020-11-14;"Okres Trnava";21;87;108
2020-11-14;"Okres Turčianske Teplice";3;10;13
2020-11-14;"Okres Tvrdošín";4;10;14
2020-11-14;"Okres Veľký Krtíš";0;6;6
2020-11-14;"Okres Vranov nad Topľou";14;54;68
2020-11-14;"Okres Zlaté Moravce";1;9;10
2020-11-14;"Okres Zvolen";28;24;52
2020-11-14;"Okres Žarnovica";3;18;21
2020-11-14;"Okres Žiar nad Hronom";0;16;16
2020-11-14;"Okres Žilina";27;78;105
2020-11-14;NA;38;189;227
2020-11-13;"Neznáme";207;967;1174
2020-11-13;"Okres Bánovce nad Bebravou";14;67;81
2020-11-13;"Okres Banská Bystrica";35;156;191
2020-11-13;"Okres Banská Štiavnica";13;12;25
2020-11-13;"Okres Bardejov";37;115;152
2020-11-13;"Okres Bratislava I";4;99;103
2020-11-13;"Okres Bratislava II";12;158;170
2020-11-13;"Okres Bratislava III";15;100;115
2020-11-13;"Okres Bratislava IV";19;146;165
2020-11-13;"Okres Bratislava V";9;118;127
2020-11-13;"Okres Brezno";16;53;69
2020-11-13;"Okres Bytča";14;36;50
2020-11-13;"Okres Čadca";33;142;175
2020-11-13;"Okres Detva";14;55;69
2020-11-13;"Okres Dolný Kubín";8;64;72
2020-11-13;"Okres Dunajská Streda";114;236;350
2020-11-13;"Okres Galanta";22;57;79
2020-11-13;"Okres Gelnica";3;31;34
2020-11-13;"Okres Hlohovec";7;46;53
2020-11-13;"Okres Humenné";25;59;84
2020-11-13;"Okres Ilava";40;166;206
2020-11-13;"Okres Kežmarok";43;144;187
2020-11-13;"Okres Komárno";24;85;109
2020-11-13;"Okres Košice - okolie";22;114;136
2020-11-13;"Okres Košice I";2;20;22
2020-11-13;"Okres Košice II";9;28;37
2020-11-13;"Okres Košice III";5;3;8
2020-11-13;"Okres Košice IV";4;10;14
2020-11-13;"Okres Krupina";4;37;41
2020-11-13;"Okres Kysucké Nové Mesto";15;32;47
2020-11-13;"Okres Levice";9;78;87
2020-11-13;"Okres Levoča";18;54;72
2020-11-13;"Okres Liptovský Mikuláš";4;39;43
2020-11-13;"Okres Lučenec";16;68;84
2020-11-13;"Okres Malacky";10;57;67
2020-11-13;"Okres Martin";22;64;86
2020-11-13;"Okres Medzilaborce";2;6;8
2020-11-13;"Okres Michalovce";21;104;125
2020-11-13;"Okres Myjava";11;71;82
2020-11-13;"Okres Námestovo";7;57;64
2020-11-13;"Okres Nitra";42;301;343
2020-11-13;"Okres Nové Mesto nad Váhom";29;81;110
2020-11-13;"Okres Nové Zámky";45;139;184
2020-11-13;"Okres Partizánske";9;16;25
2020-11-13;"Okres Pezinok";8;63;71
2020-11-13;"Okres Piešťany";29;136;165
2020-11-13;"Okres Poltár";6;18;24
2020-11-13;"Okres Poprad";49;149;198
2020-11-13;"Okres Považská Bystrica";71;155;226
2020-11-13;"Okres Prešov";139;351;490
2020-11-13;"Okres Prievidza";24;110;134
2020-11-13;"Okres Púchov";51;86;137
2020-11-13;"Okres Revúca";12;45;57
2020-11-13;"Okres Rimavská Sobota";63;115;178
2020-11-13;"Okres Rožňava";9;60;69
2020-11-13;"Okres Ružomberok";26;130;156
2020-11-13;"Okres Sabinov";42;122;164
2020-11-13;"Okres Senec";15;101;116
2020-11-13;"Okres Senica";6;68;74
2020-11-13;"Okres Skalica";6;17;23
2020-11-13;"Okres Snina";20;35;55
2020-11-13;"Okres Sobrance";3;10;13
2020-11-13;"Okres Spišská Nová Ves";57;415;472
2020-11-13;"Okres Stará Ľubovňa";13;78;91
2020-11-13;"Okres Stropkov";5;15;20
2020-11-13;"Okres Svidník";18;80;98
2020-11-13;"Okres Šaľa";6;32;38
2020-11-13;"Okres Topoľčany";33;71;104
2020-11-13;"Okres Trebišov";47;172;219
2020-11-13;"Okres Trenčín";75;230;305
2020-11-13;"Okres Trnava";31;226;257
2020-11-13;"Okres Turčianske Teplice";1;14;15
2020-11-13;"Okres Tvrdošín";4;46;50
2020-11-13;"Okres Veľký Krtíš";0;55;55
2020-11-13;"Okres Vranov nad Topľou";49;103;152
2020-11-13;"Okres Zlaté Moravce";5;28;33
2020-11-13;"Okres Zvolen";12;101;113
2020-11-13;"Okres Žarnovica";5;38;43
2020-11-13;"Okres Žiar nad Hronom";17;70;87
2020-11-13;"Okres Žilina";40;184;224
2020-11-13;NA;51;218;269
2020-11-12;"Neznáme";147;656;803
2020-11-12;"Okres Bánovce nad Bebravou";20;99;119
2020-11-12;"Okres Banská Bystrica";61;327;388
2020-11-12;"Okres Banská Štiavnica";5;10;15
2020-11-12;"Okres Bardejov";27;89;116
2020-11-12;"Okres Bratislava I";16;144;160
2020-11-12;"Okres Bratislava II";16;386;402
2020-11-12;"Okres Bratislava III";11;151;162
2020-11-12;"Okres Bratislava IV";19;186;205
2020-11-12;"Okres Bratislava V";23;214;237
2020-11-12;"Okres Brezno";31;77;108
2020-11-12;"Okres Bytča";10;27;37
2020-11-12;"Okres Čadca";97;122;219
2020-11-12;"Okres Detva";15;64;79
2020-11-12;"Okres Dolný Kubín";5;27;32
2020-11-12;"Okres Dunajská Streda";33;146;179
2020-11-12;"Okres Galanta";37;185;222
2020-11-12;"Okres Gelnica";3;35;38
2020-11-12;"Okres Hlohovec";10;30;40
2020-11-12;"Okres Humenné";53;91;144
2020-11-12;"Okres Ilava";35;76;111
2020-11-12;"Okres Kežmarok";37;133;170
2020-11-12;"Okres Komárno";65;144;209
2020-11-12;"Okres Košice - okolie";24;122;146
2020-11-12;"Okres Košice I";2;18;20
2020-11-12;"Okres Košice II";6;24;30
2020-11-12;"Okres Košice III";0;8;8
2020-11-12;"Okres Košice IV";1;12;13
2020-11-12;"Okres Krupina";7;22;29
2020-11-12;"Okres Kysucké Nové Mesto";14;31;45
2020-11-12;"Okres Levice";38;193;231
2020-11-12;"Okres Levoča";15;34;49
2020-11-12;"Okres Liptovský Mikuláš";37;51;88
2020-11-12;"Okres Lučenec";12;75;87
2020-11-12;"Okres Malacky";13;99;112
2020-11-12;"Okres Martin";44;109;153
2020-11-12;"Okres Medzilaborce";6;21;27
2020-11-12;"Okres Michalovce";43;110;153
2020-11-12;"Okres Myjava";5;18;23
2020-11-12;"Okres Námestovo";15;37;52
2020-11-12;"Okres Nitra";77;207;284
2020-11-12;"Okres Nové Mesto nad Váhom";16;40;56
2020-11-12;"Okres Nové Zámky";65;188;253
2020-11-12;"Okres Partizánske";41;67;108
2020-11-12;"Okres Pezinok";15;73;88
2020-11-12;"Okres Piešťany";24;82;106
2020-11-12;"Okres Poltár";6;24;30
2020-11-12;"Okres Poprad";51;178;229
2020-11-12;"Okres Považská Bystrica";33;44;77
2020-11-12;"Okres Prešov";80;239;319
2020-11-12;"Okres Prievidza";102;296;398
2020-11-12;"Okres Púchov";23;69;92
2020-11-12;"Okres Revúca";6;12;18
2020-11-12;"Okres Rimavská Sobota";54;49;103
2020-11-12;"Okres Rožňava";32;69;101
2020-11-12;"Okres Ružomberok";25;97;122
2020-11-12;"Okres Sabinov";28;108;136
2020-11-12;"Okres Senec";16;128;144
2020-11-12;"Okres Senica";6;33;39
2020-11-12;"Okres Skalica";9;30;39
2020-11-12;"Okres Snina";9;29;38
2020-11-12;"Okres Sobrance";5;14;19
2020-11-12;"Okres Spišská Nová Ves";25;73;98
2020-11-12;"Okres Stará Ľubovňa";62;203;265
2020-11-12;"Okres Stropkov";5;28;33
2020-11-12;"Okres Svidník";8;55;63
2020-11-12;"Okres Šaľa";11;78;89
2020-11-12;"Okres Topoľčany";31;124;155
2020-11-12;"Okres Trebišov";49;129;178
2020-11-12;"Okres Trenčín";69;313;382
2020-11-12;"Okres Trnava";42;232;274
2020-11-12;"Okres Turčianske Teplice";2;17;19
2020-11-12;"Okres Tvrdošín";11;16;27
2020-11-12;"Okres Veľký Krtíš";4;41;45
2020-11-12;"Okres Vranov nad Topľou";78;99;177
2020-11-12;"Okres Zlaté Moravce";12;67;79
2020-11-12;"Okres Zvolen";23;115;138
2020-11-12;"Okres Žarnovica";3;39;42
2020-11-12;"Okres Žiar nad Hronom";10;31;41
2020-11-12;"Okres Žilina";68;153;221
2020-11-12;NA;35;306;341
2020-11-11;"Neznáme";198;880;1078
2020-11-11;"Okres Bánovce nad Bebravou";12;81;93
2020-11-11;"Okres Banská Bystrica";44;217;261
2020-11-11;"Okres Banská Štiavnica";4;16;20
2020-11-11;"Okres Bardejov";53;88;141
2020-11-11;"Okres Bratislava I";8;146;154
2020-11-11;"Okres Bratislava II";22;317;339
2020-11-11;"Okres Bratislava III";9;158;167
2020-11-11;"Okres Bratislava IV";20;180;200
2020-11-11;"Okres Bratislava V";23;171;194
2020-11-11;"Okres Brezno";13;51;64
2020-11-11;"Okres Bytča";32;54;86
2020-11-11;"Okres Čadca";107;242;349
2020-11-11;"Okres Detva";16;40;56
2020-11-11;"Okres Dolný Kubín";5;27;32
2020-11-11;"Okres Dunajská Streda";121;253;374
2020-11-11;"Okres Galanta";21;124;145
2020-11-11;"Okres Gelnica";7;27;34
2020-11-11;"Okres Hlohovec";16;51;67
2020-11-11;"Okres Humenné";11;59;70
2020-11-11;"Okres Ilava";44;158;202
2020-11-11;"Okres Kežmarok";29;112;141
2020-11-11;"Okres Komárno";63;100;163
2020-11-11;"Okres Košice - okolie";30;98;128
2020-11-11;"Okres Košice I";10;21;31
2020-11-11;"Okres Košice II";22;34;56
2020-11-11;"Okres Košice III";6;15;21
2020-11-11;"Okres Košice IV";2;16;18
2020-11-11;"Okres Krupina";10;55;65
2020-11-11;"Okres Kysucké Nové Mesto";26;99;125
2020-11-11;"Okres Levice";36;129;165
2020-11-11;"Okres Levoča";25;87;112
2020-11-11;"Okres Liptovský Mikuláš";61;116;177
2020-11-11;"Okres Lučenec";22;68;90
2020-11-11;"Okres Malacky";15;75;90
2020-11-11;"Okres Martin";62;163;225
2020-11-11;"Okres Medzilaborce";2;13;15
2020-11-11;"Okres Michalovce";61;134;195
2020-11-11;"Okres Myjava";11;32;43
2020-11-11;"Okres Námestovo";10;36;46
2020-11-11;"Okres Nitra";79;259;338
2020-11-11;"Okres Nové Mesto nad Váhom";43;124;167
2020-11-11;"Okres Nové Zámky";57;121;178
2020-11-11;"Okres Partizánske";36;38;74
2020-11-11;"Okres Pezinok";24;100;124
2020-11-11;"Okres Piešťany";35;106;141
2020-11-11;"Okres Poltár";5;25;30
2020-11-11;"Okres Poprad";68;183;251
2020-11-11;"Okres Považská Bystrica";80;138;218
2020-11-11;"Okres Prešov";164;400;564
2020-11-11;"Okres Prievidza";31;143;174
2020-11-11;"Okres Púchov";72;125;197
2020-11-11;"Okres Revúca";6;23;29
2020-11-11;"Okres Rimavská Sobota";50;154;204
2020-11-11;"Okres Rožňava";16;32;48
2020-11-11;"Okres Ružomberok";43;66;109
2020-11-11;"Okres Sabinov";64;143;207
2020-11-11;"Okres Senec";24;149;173
2020-11-11;"Okres Senica";12;48;60
2020-11-11;"Okres Skalica";17;49;66
2020-11-11;"Okres Snina";20;68;88
2020-11-11;"Okres Sobrance";9;31;40
2020-11-11;"Okres Spišská Nová Ves";65;224;289
2020-11-11;"Okres Stará Ľubovňa";52;136;188
2020-11-11;"Okres Stropkov";12;50;62
2020-11-11;"Okres Svidník";14;77;91
2020-11-11;"Okres Šaľa";14;43;57
2020-11-11;"Okres Topoľčany";37;103;140
2020-11-11;"Okres Trebišov";52;149;201
2020-11-11;"Okres Trenčín";58;268;326
2020-11-11;"Okres Trnava";40;203;243
2020-11-11;"Okres Turčianske Teplice";7;25;32
2020-11-11;"Okres Tvrdošín";7;25;32
2020-11-11;"Okres Veľký Krtíš";14;61;75
2020-11-11;"Okres Vranov nad Topľou";67;159;226
2020-11-11;"Okres Zlaté Moravce";9;28;37
2020-11-11;"Okres Zvolen";32;110;142
2020-11-11;"Okres Žarnovica";15;53;68
2020-11-11;"Okres Žiar nad Hronom";10;68;78
2020-11-11;"Okres Žilina";116;184;300
2020-11-11;NA;55;238;293
2020-11-10;"Neznáme";199;1052;1251
2020-11-10;"Okres Bánovce nad Bebravou";7;59;66
2020-11-10;"Okres Banská Bystrica";46;144;190
2020-11-10;"Okres Banská Štiavnica";7;17;24
2020-11-10;"Okres Bardejov";39;106;145
2020-11-10;"Okres Bratislava I";10;195;205
2020-11-10;"Okres Bratislava II";18;408;426
2020-11-10;"Okres Bratislava III";14;220;234
2020-11-10;"Okres Bratislava IV";20;247;267
2020-11-10;"Okres Bratislava V";27;301;328
2020-11-10;"Okres Brezno";25;46;71
2020-11-10;"Okres Bytča";17;27;44
2020-11-10;"Okres Čadca";73;121;194
2020-11-10;"Okres Detva";78;101;179
2020-11-10;"Okres Dolný Kubín";2;13;15
2020-11-10;"Okres Dunajská Streda";51;150;201
2020-11-10;"Okres Galanta";12;136;148
2020-11-10;"Okres Gelnica";7;58;65
2020-11-10;"Okres Hlohovec";11;46;57
2020-11-10;"Okres Humenné";13;59;72
2020-11-10;"Okres Ilava";27;114;141
2020-11-10;"Okres Kežmarok";19;124;143
2020-11-10;"Okres Komárno";36;120;156
2020-11-10;"Okres Košice - okolie";20;117;137
2020-11-10;"Okres Košice I";1;14;15
2020-11-10;"Okres Košice II";0;18;18
2020-11-10;"Okres Košice III";2;9;11
2020-11-10;"Okres Košice IV";1;3;4
2020-11-10;"Okres Krupina";8;232;240
2020-11-10;"Okres Kysucké Nové Mesto";22;83;105
2020-11-10;"Okres Levice";22;124;146
2020-11-10;"Okres Levoča";18;38;56
2020-11-10;"Okres Liptovský Mikuláš";2;30;32
2020-11-10;"Okres Lučenec";41;114;155
2020-11-10;"Okres Malacky";18;89;107
2020-11-10;"Okres Martin";85;196;281
2020-11-10;"Okres Medzilaborce";8;19;27
2020-11-10;"Okres Michalovce";26;98;124
2020-11-10;"Okres Myjava";13;30;43
2020-11-10;"Okres Námestovo";25;167;192
2020-11-10;"Okres Nitra";53;314;367
2020-11-10;"Okres Nové Mesto nad Váhom";31;111;142
2020-11-10;"Okres Nové Zámky";35;145;180
2020-11-10;"Okres Partizánske";15;55;70
2020-11-10;"Okres Pezinok";15;115;130
2020-11-10;"Okres Piešťany";34;114;148
2020-11-10;"Okres Poltár";7;48;55
2020-11-10;"Okres Poprad";44;182;226
2020-11-10;"Okres Považská Bystrica";56;138;194
2020-11-10;"Okres Prešov";181;664;845
2020-11-10;"Okres Prievidza";53;186;239
2020-11-10;"Okres Púchov";39;78;117
2020-11-10;"Okres Revúca";10;48;58
2020-11-10;"Okres Rimavská Sobota";50;84;134
2020-11-10;"Okres Rožňava";10;119;129
2020-11-10;"Okres Ružomberok";16;88;104
2020-11-10;"Okres Sabinov";100;279;379
2020-11-10;"Okres Senec";16;214;230
2020-11-10;"Okres Senica";8;29;37
2020-11-10;"Okres Skalica";17;22;39
2020-11-10;"Okres Snina";11;60;71
2020-11-10;"Okres Sobrance";4;17;21
2020-11-10;"Okres Spišská Nová Ves";37;194;231
2020-11-10;"Okres Stará Ľubovňa";19;107;126
2020-11-10;"Okres Stropkov";14;67;81
2020-11-10;"Okres Svidník";36;101;137
2020-11-10;"Okres Šaľa";10;74;84
2020-11-10;"Okres Topoľčany";19;79;98
2020-11-10;"Okres Trebišov";75;230;305
2020-11-10;"Okres Trenčín";43;194;237
2020-11-10;"Okres Trnava";36;217;253
2020-11-10;"Okres Turčianske Teplice";21;33;54
2020-11-10;"Okres Tvrdošín";3;24;27
2020-11-10;"Okres Veľký Krtíš";4;40;44
2020-11-10;"Okres Vranov nad Topľou";46;80;126
2020-11-10;"Okres Zlaté Moravce";8;96;104
2020-11-10;"Okres Zvolen";16;100;116
2020-11-10;"Okres Žarnovica";6;27;33
2020-11-10;"Okres Žiar nad Hronom";7;103;110
2020-11-10;"Okres Žilina";86;216;302
2020-11-10;NA;31;240;271
